REMARK  Predicted order parameter (S2) from backbone chemical shifts for shifts.txt
REMARK    from David Wishart's RCI method, JACS, 127(43), 14970-14971

VARS RESID RESNAME CS_CNT CS_CNT_R2 S2 
FORMAT %4d %1s %2d %2d %8.3f 

    2 G  8  3    0.258
    3 G 14  5    0.333
    4 R 17  6    0.441
    5 D 18  6    0.561
    6 Y 18  6    0.585
    7 K 16  6    0.632
    8 D 10  4    0.654
    9 D  4  0    0.699
   10 D  4  0    0.671
   11 D 10  4    0.619
   12 K 15  6    0.652
   13 G 17  5    0.703
   14 T 17  6    0.823
   15 M 18  6    0.892
   16 E 18  6    0.901
   17 L 18  6    0.904
   18 E 18  6    0.900
   19 L 18  6    0.902
   20 R 18  6    0.891
   21 F 16  6    0.866
   22 F 10  4    0.851
   23 A  8  0    0.843
   24 T 10  4    0.879
   25 F 16  6    0.883
   26 R 18  6    0.896
   27 E 18  6    0.898
   28 V 18  6    0.886
   29 V 17  6    0.876
   30 G 17  5    0.859
   31 Q 17  6    0.874
   32 K 18  6    0.886
   33 S 18  6    0.907
   34 I 18  6    0.907
   35 Y 18  6    0.905
   36 W 18  6    0.905
   37 R 18  6    0.901
   38 V 18  6    0.895
   39 D 18  6    0.862
   40 D 18  6    0.809
   41 D 18  6    0.786
   42 A 18  6    0.800
   43 T 18  6    0.854
   44 V 17  6    0.891
   45 G 17  5    0.908
   46 D 17  6    0.915
   47 V 18  6    0.915
   48 L 18  6    0.915
   49 R 18  6    0.904
   50 S 18  6    0.894
   51 L 18  6    0.883
   52 E 18  6    0.875
   53 A 18  6    0.842
   54 E 18  6    0.839
   55 Y 18  6    0.836
   56 D 17  6    0.859
   57 G 17  5    0.819
   58 L 17  6    0.801
   59 A 17  6    0.777
   60 G 17  5    0.791
   61 R 17  6    0.801
   62 L 18  6    0.816
   63 I 18  6    0.837
   64 E 18  6    0.840
   65 D 17  6    0.855
   66 G 17  5    0.852
   67 E 17  6    0.863
   68 V 16  6    0.858
   69 K 14  4    0.869
   70 P 14  4    0.841
   71 H 16  6    0.832
   72 V 18  6    0.827
   73 N 18  6    0.865
   74 V 18  6    0.890
   75 L 18  6    0.896
   76 K 18  6    0.869
   77 N 17  6    0.842
   78 G 17  5    0.834
   79 R 17  6    0.848
   80 E 18  6    0.857
   81 V 18  6    0.835
   82 V 18  6    0.809
   83 H 18  6    0.802
   84 L 18  6    0.818
   85 D 17  6    0.832
   86 G 17  5    0.839
   87 M 17  6    0.854
   88 A 18  6    0.870
   89 T 18  6    0.890
   90 A 18  6    0.883
   91 L 18  6    0.883
   92 D 18  6    0.869
   93 D 17  6    0.874
   94 G 17  5    0.873
   95 D 17  6    0.894
   96 A 18  6    0.911
   97 V 18  6    0.921
   98 S 18  6    0.899
   99 V 16  6    0.863
  100 F 10  4    0.840
  101 P  8  0    0.761
  102 P 10  4    0.607
  103 V 16  6    0.560
  104 A 17  6    0.458
  105 G 14  5    0.400
  106 G  8  3    0.366
