REMARK  Neural network secondary structure prediction for shifts.txt
REMARK     H-Helix    E-Strand   L-Coil 

DATA FIRST_RESID 1

DATA SEQUENCE     GGRDYKDDDD KGTMELELRF FATFREVVGQ KSIYWRVDDD ATVGDVLRSL 
DATA PREDICTED_SS LLLLLLLXXL LLEEEEEEEE ELHHHHHHLL LLEEEEELLL LLHHHHHHHH 
DATA CONFIDENCE   0999899009 9738999997 5758999559 8289995789 9859999999 

DATA SEQUENCE     EAEYDGLAGR LIEDGEVKPH VNVLKNGREV VHLDGMATAL DDGDAVSVFP 
DATA PREDICTED_SS HHHLLLLLLL LEELLELLLL LEEEELLEHH HLLLLLLLLE LLLLEEEEEL 
DATA CONFIDENCE   9836746887 2657716854 6799766149 7278888844 2897599828 


DATA SEQUENCE     PVAGG
DATA PREDICTED_SS LLLLL
DATA CONFIDENCE   98880

VARS RESID RESNAME CS_CNT CS_CNT_R2 Q_H Q_E Q_L CONFIDENCE SS_CLASS
FORMAT %4d %1s %2d %2d %8.3f %8.3f %8.3f %4.2f %s

    2 G  8  3    0.333    0.333    0.333 0.00 L
    3 G 14  5    0.029    0.025    0.946 0.92 L
    4 R 17  6    0.000    0.024    0.976 0.95 L
    5 D 18  6    0.002    0.038    0.960 0.92 L
    6 Y 18  6    0.013    0.051    0.936 0.88 L
    7 K 16  6    0.007    0.027    0.966 0.94 L
    8 D 10  4    0.000    0.000    1.000 1.00 L
    9 D  4  0    0.000    0.000    0.000 0.00 X
   10 D  4  0    0.000    0.000    0.000 0.00 X
   11 D 10  4    0.009    0.014    0.978 0.96 L
   12 K 15  6    0.012    0.026    0.962 0.94 L
   13 G 17  5    0.000    0.140    0.860 0.72 L
   14 T 17  6    0.000    0.679    0.321 0.36 E
   15 M 18  6    0.000    0.944    0.056 0.89 E
   16 E 18  6    0.003    0.989    0.007 0.98 E
   17 L 18  6    0.006    0.986    0.008 0.98 E
   18 E 18  6    0.003    0.985    0.012 0.97 E
   19 L 18  6    0.002    0.966    0.032 0.93 E
   20 R 18  6    0.000    0.972    0.028 0.94 E
   21 F 16  6    0.003    0.865    0.132 0.73 E
   22 F 10  4    0.000    0.777    0.223 0.55 E
   23 A  8  0    0.095    0.066    0.840 0.75 L
   24 T 10  4    0.784    0.000    0.216 0.57 H
   25 F 16  6    0.906    0.000    0.094 0.81 H
   26 R 18  6    0.954    0.000    0.046 0.91 H
   27 E 18  6    0.983    0.000    0.017 0.97 H
   28 V 18  6    0.968    0.000    0.032 0.94 H
   29 V 17  6    0.768    0.000    0.232 0.54 H
   30 G 17  5    0.201    0.002    0.797 0.60 L
   31 Q 17  6    0.019    0.040    0.941 0.90 L
   32 K 18  6    0.013    0.058    0.929 0.87 L
   33 S 18  6    0.000    0.366    0.634 0.27 L
   34 I 18  6    0.000    0.904    0.096 0.81 E
   35 Y 18  6    0.010    0.987    0.003 0.98 E
   36 W 18  6    0.008    0.990    0.001 0.98 E
   37 R 18  6    0.003    0.981    0.015 0.97 E
   38 V 18  6    0.004    0.779    0.216 0.56 E
   39 D 18  6    0.000    0.112    0.888 0.78 L
   40 D 18  6    0.035    0.035    0.930 0.90 L
   41 D 18  6    0.030    0.015    0.956 0.93 L
   42 A 18  6    0.002    0.014    0.984 0.97 L
   43 T 18  6    0.029    0.071    0.901 0.83 L
   44 V 17  6    0.763    0.026    0.211 0.55 H
   45 G 17  5    0.974    0.000    0.026 0.95 H
   46 D 17  6    0.994    0.000    0.006 0.99 H
   47 V 18  6    0.998    0.001    0.002 1.00 H
   48 L 18  6    0.997    0.001    0.002 0.99 H
   49 R 18  6    0.995    0.001    0.004 0.99 H
   50 S 18  6    0.994    0.002    0.004 0.99 H
   51 L 18  6    0.996    0.000    0.004 0.99 H
   52 E 18  6    0.978    0.000    0.022 0.96 H
   53 A 18  6    0.910    0.000    0.090 0.82 H
   54 E 18  6    0.679    0.000    0.321 0.36 H
   55 Y 18  6    0.172    0.009    0.819 0.65 L
   56 D 17  6    0.104    0.044    0.852 0.75 L
   57 G 17  5    0.233    0.053    0.714 0.48 L
   58 L 17  6    0.153    0.028    0.819 0.67 L
   59 A 17  6    0.053    0.024    0.924 0.87 L
   60 G 17  5    0.039    0.063    0.899 0.84 L
   61 R 17  6    0.018    0.124    0.859 0.73 L
   62 L 18  6    0.007    0.379    0.614 0.23 L
   63 I 18  6    0.000    0.832    0.168 0.66 E
   64 E 18  6    0.000    0.774    0.226 0.55 E
   65 D 17  6    0.000    0.144    0.856 0.71 L
   66 G 17  5    0.008    0.124    0.868 0.74 L
   67 E 17  6    0.000    0.599    0.401 0.20 E
   68 V 16  6    0.021    0.157    0.823 0.67 L
   69 K 14  4    0.040    0.039    0.921 0.88 L
   70 P 14  4    0.172    0.057    0.770 0.60 L
   71 H 16  6    0.258    0.042    0.700 0.44 L
   72 V 18  6    0.076    0.152    0.772 0.62 L
   73 N 18  6    0.000    0.858    0.142 0.72 E
   74 V 18  6    0.006    0.992    0.001 0.99 E
   75 L 18  6    0.006    0.988    0.006 0.98 E
   76 K 18  6    0.001    0.862    0.138 0.72 E
   77 N 17  6    0.000    0.191    0.809 0.62 L
   78 G 17  5    0.001    0.152    0.847 0.70 L
   79 R 17  6    0.050    0.573    0.377 0.20 E
   80 E 18  6    0.646    0.150    0.204 0.44 H
   81 V 18  6    0.953    0.000    0.047 0.91 H
   82 V 18  6    0.880    0.000    0.120 0.76 H
   83 H 18  6    0.354    0.048    0.598 0.24 L
   84 L 18  6    0.035    0.088    0.877 0.79 L
   85 D 17  6    0.005    0.077    0.918 0.84 L
   86 G 17  5    0.021    0.046    0.933 0.89 L
   87 M 17  6    0.053    0.042    0.905 0.85 L
   88 A 18  6    0.039    0.034    0.927 0.89 L
   89 T 18  6    0.042    0.039    0.919 0.88 L
   90 A 18  6    0.040    0.231    0.729 0.50 L
   91 L 18  6    0.000    0.729    0.271 0.46 E
   92 D 18  6    0.000    0.360    0.640 0.28 L
   93 D 17  6    0.006    0.094    0.900 0.81 L
   94 G 17  5    0.004    0.043    0.953 0.91 L
   95 D 17  6    0.011    0.129    0.861 0.73 L
   96 A 18  6    0.000    0.783    0.217 0.57 E
   97 V 18  6    0.000    0.985    0.015 0.97 E
   98 S 18  6    0.005    0.988    0.007 0.98 E
   99 V 16  6    0.000    0.911    0.089 0.82 E
  100 F 10  4    0.000    0.615    0.385 0.23 E
  101 P  8  0    0.007    0.064    0.930 0.87 L
  102 P 10  4    0.001    0.019    0.980 0.96 L
  103 V 16  6    0.030    0.068    0.902 0.83 L
  104 A 17  6    0.009    0.071    0.920 0.85 L
  105 G 14  5    0.004    0.072    0.924 0.85 L
  106 G  8  3    0.333    0.333    0.333 0.00 L
