   1   3.983 0.000   QA     2
   2 174.584 0.000   C      2
   3  45.273 0.000   CA     2
   4   3.924 0.000   QA     3
   5   8.448 0.000   H      3
   6 174.162 0.000   C      3
   7  45.238 0.000   CA     3
   8 109.053 0.000   N      3
   9 175.939 0.000   C      4
  10   4.308 0.000   HA     4
  11  30.853 0.000   CB     4
  12  56.024 0.000   CA     4
  13  26.903 0.000   CG     4
  14  43.173 0.000   CD     4
  15   3.091 0.000   QD     4
  16   1.533 0.000   QG     4
  17   8.236 0.000   H      4
  18 120.555 0.000   N      4
  19   1.669 0.000   HB3    4
  20   1.736 0.000   HB2    4
  21 175.769 0.000   C      5
  22   8.417 0.000   H      5
  23  54.218 0.000   CA     5
  24 121.434 0.000   N      5
  25  41.200 0.000   CB     5
  26   4.574 0.000   HA     5
  27   2.525 0.000   HB3    5
  28   2.658 0.000   HB2    5
  29 175.540 0.000   C      6
  30  38.759 0.000   CB     6
  31  57.873 0.000   CA     6
  32 120.500 0.000   N      6
  33   6.815 0.000   QE     6
  34   7.088 0.000   QD     6
  35   8.038 0.000   H      6
  36   4.511 0.000   HA     6
  37   2.921 0.000   HB3    6
  38   3.027 0.000   HB2    6
  39 176.027 0.000   C      7
  40   8.190 0.000   H      7
  41  56.089 0.000   CA     7
  42  24.582 0.000   CG     7
  43  41.999 0.000   CE     7
  44 123.146 0.000   N      7
  45  28.954 0.000   CD     7
  46   2.973 0.000   QE     7
  47   1.658 0.000   QD     7
  48   1.317 0.000   QG     7
  49  33.316 0.000   CB     7
  50   4.267 0.000   HA     7
  51   1.669 0.000   HB3    7
  52   1.793 0.000   HB2    7
  53   8.266 0.000   H      8
  54  54.637 0.000   CA     8
  55 121.425 0.000   N      8
  56  41.455 0.000   CB     8
  57 176.254 0.000   C     11
  58  41.022 0.000   CB    11
  59  54.218 0.000   CA    11
  60   4.574 0.000   HA    11
  61   2.700 0.000   HB3   11
  62   2.585 0.000   HB2   11
  63   1.475 0.000   HG2   12
  64 177.152 0.000   C     12
  65   8.032 0.000   H     12
  66  56.524 0.000   CA    12
  67  24.605 0.000   CG    12
  68   1.321 0.000   HG3   12
  69  42.157 0.000   CE    12
  70 121.975 0.000   N     12
  71  28.915 0.000   CD    12
  72   2.972 0.000   QE    12
  73   1.657 0.000   QD    12
  74  33.064 0.000   CB    12
  75   4.288 0.000   HA    12
  76   1.763 0.000   HB3   12
  77   1.868 0.000   HB2   12
  78 174.108 0.000   C     13
  79   8.564 0.000   H     13
  80  45.468 0.000   CA    13
  81 111.347 0.000   N     13
  82   4.165 0.000   HA2   13
  83   3.926 0.000   HA3   13
  84 173.351 0.000   C     14
  85  21.645 0.000   CG2   14
  86  72.856 0.000   CB    14
  87  60.173 0.000   CA    14
  88   1.062 0.000   QG2   14
  89 110.417 0.000   N     14
  90   7.958 0.000   H     14
  91   4.063 0.000   HB    14
  92   5.154 0.000   HA    14
  93 172.297 0.000   C     15
  94  35.565 0.000   CB    15
  95  54.200 0.000   CA    15
  96  30.978 0.000   CG    15
  97   2.152 0.000   HG3   15
  98 118.896 0.000   N     15
  99   1.935 0.000   QB    15
 100   9.400 0.000   H     15
 101   4.833 0.000   HA    15
 102   2.284 0.000   HG2   15
 103 174.824 0.000   C     16
 104  32.740 0.000   CB    16
 105  55.316 0.000   CA    16
 106  38.316 0.000   CG    16
 107 122.667 0.000   N     16
 108   2.194 0.000   QG    16
 109   9.266 0.000   H     16
 110   5.277 0.000   HA    16
 111   1.869 0.000   HB3   16
 112   2.186 0.000   HB2   16
 113 175.443 0.000   C     17
 114  46.541 0.000   CB    17
 115  52.671 0.000   CA    17
 116   0.901 0.000   QD1   17
 117  27.433 0.000   CG    17
 118 125.630 0.000   N     17
 119   0.967 0.000   QD2   17
 120  28.962 0.000   CD1   17
 121  24.914 0.000   CD2   17
 122   9.120 0.000   H     17
 123   5.140 0.000   HA    17
 124   1.691 0.000   HG    17
 125   1.412 0.000   HB3   17
 126   1.671 0.000   HB2   17
 127 173.963 0.000   C     18
 128  31.584 0.000   CB    18
 129  54.510 0.000   CA    18
 130  36.068 0.000   CG    18
 131 122.712 0.000   N     18
 132   1.593 0.000   QG    18
 133   8.458 0.000   H     18
 134   4.470 0.000   HA    18
 135   1.774 0.000   HB3   18
 136   1.901 0.000   HB2   18
 137 174.873 0.000   C     19
 138  42.840 0.000   CB    19
 139  52.487 0.000   CA    19
 140   0.095 0.000   QD1   19
 141  27.343 0.000   CG    19
 142 128.589 0.000   N     19
 143   0.436 0.000   QD2   19
 144  25.544 0.000   CD1   19
 145  24.375 0.000   CD2   19
 146   9.018 0.000   H     19
 147   5.022 0.000   HA    19
 148   1.264 0.000   HG    19
 149   0.674 0.000   HB3   19
 150   1.529 0.000   HB2   19
 151   1.390 0.000   HG2   20
 152 174.116 0.000   C     20
 153   2.961 0.000   HD3   20
 154   3.021 0.000   HD2   20
 155   8.570 0.000   H     20
 156  53.955 0.000   CA    20
 157  27.324 0.000   CG    20
 158   1.239 0.000   HG3   20
 159  43.889 0.000   CD    20
 160 120.550 0.000   N     20
 161  33.015 0.000   CB    20
 162   4.934 0.000   HA    20
 163   1.558 0.000   HB3   20
 164   1.668 0.000   HB2   20
 165 175.176 0.000   C     21
 166   8.111 0.000   H     21
 167  57.192 0.000   CA    21
 168 118.173 0.000   N     21
 169   6.706 0.000   QE    21
 170   6.853 0.000   QD    21
 171  42.431 0.000   CB    21
 172   4.945 0.000   HA    21
 173   2.478 0.000   HB3   21
 174   2.576 0.000   HB2   21
 175   6.807 0.000   H     22
 176  57.256 0.000   CA    22
 177 117.420 0.000   N     22
 178   6.921 0.000   QE    22
 179   6.778 0.000   QD    22
 180  43.577 0.000   CB    22
 181 176.821 0.000   C     24
 182  22.306 0.000   CG2   24
 183  68.727 0.000   CB    24
 184  65.479 0.000   CA    24
 185   1.322 0.000   HG2   24
 186   4.066 0.000   HB    24
 187   4.051 0.000   HA    24
 188 177.365 0.000   C     25
 189  36.783 0.000   CB    25
 190  56.415 0.000   CA    25
 191 116.908 0.000   N     25
 192   7.223 0.000   QE    25
 193   7.069 0.000   QD    25
 194   7.473 0.000   H     25
 195   4.706 0.000   HA    25
 196   3.279 0.000   HB3   25
 197   3.543 0.000   HB2   25
 198   1.391 0.000   HG2   26
 199 178.109 0.000   C     26
 200   3.657 0.000   HA    26
 201   7.064 0.000   H     26
 202  58.734 0.000   CA    26
 203  25.814 0.000   CG    26
 204   1.282 0.000   HG3   26
 205  43.803 0.000   CD    26
 206   3.029 0.000   QD    26
 207  29.412 0.000   CB    26
 208 121.458 0.000   N     26
 209   1.301 0.000   HB3   26
 210   1.939 0.000   HB2   26
 211   2.284 0.000   HG2   27
 212 178.359 0.000   C     27
 213   7.333 0.000   H     27
 214  58.788 0.000   CA    27
 215  36.338 0.000   CG    27
 216   2.186 0.000   HG3   27
 217 118.265 0.000   N     27
 218  29.214 0.000   CB    27
 219   3.922 0.000   HA    27
 220   2.103 0.000   HB3   27
 221   2.196 0.000   HB2   27
 222 177.256 0.000   C     28
 223  21.496 0.000   CG2   28
 224  32.136 0.000   CB    28
 225  65.480 0.000   CA    28
 226   0.747 0.000   QG2   28
 227   1.094 0.000   QG1   28
 228 116.925 0.000   N     28
 229  21.496 0.000   CG1   28
 230   7.311 0.000   H     28
 231   1.966 0.000   HB    28
 232   3.686 0.000   HA    28
 233 177.073 0.000   C     29
 234  20.069 0.000   CG2   29
 235   7.213 0.000   H     29
 236  64.374 0.000   CA    29
 237  -0.661 0.000   QG2   29
 238   0.093 0.000   QG1   29
 239 117.045 0.000   N     29
 240  20.069 0.000   CG1   29
 241  32.136 0.000   CB    29
 242   1.226 0.000   HB    29
 243   3.258 0.000   HA    29
 244 173.448 0.000   C     30
 245   8.074 0.000   H     30
 246  45.031 0.000   CA    30
 247 107.107 0.000   N     30
 248   4.239 0.000   HA2   30
 249   3.609 0.000   HA3   30
 250   2.234 0.000   HG2   31
 251 173.432 0.000   C     31
 252  32.961 0.000   CB    31
 253  53.878 0.000   CA    31
 254  33.036 0.000   CG    31
 255   2.167 0.000   HG3   31
 256 114.233 0.000   N     31
 257   7.068 0.000   H     31
 258   4.548 0.000   HA    31
 259   1.602 0.000   HB3   31
 260   2.310 0.000   HB2   31
 261 175.889 0.000   C     32
 262   8.422 0.000   H     32
 263  58.901 0.000   CA    32
 264  24.731 0.000   CG    32
 265  41.918 0.000   CE    32
 266 117.758 0.000   N     32
 267  29.760 0.000   CD    32
 268   1.715 0.000   QB    32
 269   2.882 0.000   QE    32
 270   1.642 0.000   QD    32
 271   1.307 0.000   QG    32
 272  32.811 0.000   CB    32
 273   4.010 0.000   HA    32
 274 173.292 0.000   C     33
 275  65.349 0.000   CB    33
 276  56.661 0.000   CA    33
 277 111.427 0.000   N     33
 278   7.574 0.000   H     33
 279   5.665 0.000   HA    33
 280   3.484 0.000   HB3   33
 281   3.559 0.000   HB2   33
 282 173.384 0.000   C     34
 283  17.489 0.000   CG2   34
 284  42.107 0.000   CB    34
 285  59.651 0.000   CA    34
 286   0.764 0.000   QD1   34
 287   0.879 0.000   QG2   34
 288 119.429 0.000   N     34
 289  26.574 0.000   CG1   34
 290   1.236 0.000   HG12  34
 291   1.091 0.000   HG13  34
 292  13.245 0.000   CD1   34
 293   8.893 0.000   H     34
 294   1.911 0.000   HB    34
 295   4.551 0.000   HA    34
 296 175.925 0.000   C     35
 297  39.708 0.000   CB    35
 298  57.402 0.000   CA    35
 299 121.545 0.000   N     35
 300   6.753 0.000   QE    35
 301   8.595 0.000   H     35
 302   5.546 0.000   HA    35
 303   2.837 0.000   HB3   35
 304   2.936 0.000   HB2   35
 305 174.806 0.000   C     36
 306   7.157 0.000   HD1   36
 307  35.195 0.000   CB    36
 308  54.427 0.000   CA    36
 309 125.694 0.000   N     36
 310   9.205 0.000   H     36
 311   5.253 0.000   HA    36
 312   2.910 0.000   HB3   36
 313   3.155 0.000   HB2   36
 314   1.623 0.000   HG2   37
 315 175.937 0.000   C     37
 316   3.101 0.000   HD3   37
 317   3.187 0.000   HD2   37
 318   8.402 0.000   H     37
 319  55.227 0.000   CA    37
 320  27.644 0.000   CG    37
 321   1.382 0.000   HG3   37
 322  43.002 0.000   CD    37
 323 123.831 0.000   N     37
 324  31.011 0.000   CB    37
 325   5.425 0.000   HA    37
 326   1.631 0.000   HB3   37
 327   1.707 0.000   HB2   37
 328 174.410 0.000   C     38
 329  19.765 0.000   CG2   38
 330  36.185 0.000   CB    38
 331  58.451 0.000   CA    38
 332   0.827 0.000   QG2   38
 333   0.968 0.000   QG1   38
 334 118.288 0.000   N     38
 335   2.349 0.000   HB    38
 336   8.808 0.000   H     38
 337  22.471 0.000   CG1   38
 338   4.732 0.000   HA    38
 339 176.905 0.000   C     39
 340   8.367 0.000   H     39
 341  55.258 0.000   CA    39
 342 121.305 0.000   N     39
 343  41.957 0.000   CB    39
 344   4.719 0.000   HA    39
 345   2.628 0.000   HB3   39
 346   2.839 0.000   HB2   39
 347 175.275 0.000   C     40
 348   8.073 0.000   H     40
 349  55.527 0.000   CA    40
 350 118.516 0.000   N     40
 351  40.008 0.000   CB    40
 352   4.399 0.000   HA    40
 353   2.157 0.000   HB3   40
 354   2.981 0.000   HB2   40
 355 176.915 0.000   C     41
 356  40.083 0.000   CB    41
 357  52.453 0.000   CA    41
 358 116.069 0.000   N     41
 359   7.963 0.000   H     41
 360   4.763 0.000   HA    41
 361   2.612 0.000   HB3   41
 362   2.952 0.000   HB2   41
 363 177.382 0.000   C     42
 364   7.765 0.000   H     42
 365  53.511 0.000   CA    42
 366 124.070 0.000   N     42
 367   1.473 0.000   QB    42
 368  19.503 0.000   CB    42
 369   4.438 0.000   HA    42
 370 177.067 0.000   C     43
 371  22.035 0.000   CG2   43
 372  73.483 0.000   CB    43
 373  59.268 0.000   CA    43
 374   1.203 0.000   QG2   43
 375 110.417 0.000   N     43
 376   8.720 0.000   H     43
 377   4.506 0.000   HB    43
 378   4.952 0.000   HA    43
 379 177.186 0.000   C     44
 380  21.587 0.000   CG2   44
 381   8.802 0.000   H     44
 382  67.635 0.000   CA    44
 383   0.897 0.000   QG2   44
 384   1.014 0.000   QG1   44
 385 119.279 0.000   N     44
 386   2.039 0.000   HB    44
 387  32.368 0.000   CB    44
 388  24.460 0.000   CG1   44
 389   3.459 0.000   HA    44
 390 175.431 0.000   C     45
 391   9.297 0.000   H     45
 392  48.832 0.000   CA    45
 393 107.462 0.000   N     45
 394   3.906 0.000   HA2   45
 395   3.804 0.000   HA3   45
 396 179.302 0.000   C     46
 397  41.196 0.000   CB    46
 398  57.779 0.000   CA    46
 399 120.445 0.000   N     46
 400   7.480 0.000   H     46
 401   4.426 0.000   HA    46
 402   2.883 0.000   HB3   46
 403   3.109 0.000   HB2   46
 404 178.074 0.000   C     47
 405  21.419 0.000   CG2   47
 406   7.958 0.000   H     47
 407  66.733 0.000   CA    47
 408   0.802 0.000   QG2   47
 409   0.994 0.000   QG1   47
 410 121.429 0.000   N     47
 411   2.324 0.000   HB    47
 412  31.512 0.000   CB    47
 413  23.362 0.000   CG1   47
 414   3.792 0.000   HA    47
 415 178.881 0.000   C     48
 416  40.997 0.000   CB    48
 417  58.575 0.000   CA    48
 418   0.868 0.000   QD1   48
 419  26.559 0.000   CG    48
 420 118.821 0.000   N     48
 421   0.758 0.000   QD2   48
 422  26.572 0.000   CD1   48
 423  21.503 0.000   CD2   48
 424   8.651 0.000   H     48
 425   4.016 0.000   HA    48
 426   2.096 0.000   HG    48
 427   1.306 0.000   HB3   48
 428   1.925 0.000   HB2   48
 429   1.807 0.000   HG2   49
 430 180.283 0.000   C     49
 431   3.104 0.000   HD3   49
 432   3.353 0.000   HD2   49
 433   8.347 0.000   H     49
 434  60.432 0.000   CA    49
 435  29.360 0.000   CG    49
 436   1.566 0.000   HG3   49
 437 118.557 0.000   N     49
 438  43.301 0.000   CD    49
 439  30.782 0.000   CB    49
 440   3.877 0.000   HA    49
 441   1.838 0.000   HB3   49
 442   2.053 0.000   HB2   49
 443 177.006 0.000   C     50
 444  63.301 0.000   CB    50
 445  62.372 0.000   CA    50
 446 117.346 0.000   N     50
 447   8.337 0.000   H     50
 448   4.402 0.000   HA    50
 449   4.152 0.000   HB3   50
 450   4.401 0.000   HB2   50
 451 178.641 0.000   C     51
 452  42.683 0.000   CB    51
 453  58.603 0.000   CA    51
 454   0.693 0.000   QD1   51
 455  26.312 0.000   CG    51
 456 124.421 0.000   N     51
 457   0.518 0.000   QD2   51
 458  25.812 0.000   CD1   51
 459  23.108 0.000   CD2   51
 460   8.632 0.000   H     51
 461   4.251 0.000   HA    51
 462   1.712 0.000   HG    51
 463   1.185 0.000   HB3   51
 464   2.156 0.000   HB2   51
 465   2.820 0.000   HG2   52
 466 176.954 0.000   C     52
 467  29.868 0.000   CB    52
 468  61.229 0.000   CA    52
 469  37.978 0.000   CG    52
 470   2.201 0.000   HG3   52
 471 116.159 0.000   N     52
 472   7.788 0.000   H     52
 473   3.743 0.000   HA    52
 474   2.082 0.000   HB3   52
 475   2.216 0.000   HB2   52
 476 178.920 0.000   C     53
 477  19.043 0.000   CB    53
 478  53.588 0.000   CA    53
 479 117.193 0.000   N     53
 480   1.538 0.000   QB    53
 481   7.425 0.000   H     53
 482   4.229 0.000   HA    53
 483   2.107 0.000   HG2   54
 484 176.382 0.000   C     54
 485   7.922 0.000   H     54
 486  57.409 0.000   CA    54
 487  35.443 0.000   CG    54
 488   1.798 0.000   HG3   54
 489 117.510 0.000   N     54
 490  30.983 0.000   CB    54
 491   4.143 0.000   HA    54
 492   1.850 0.000   HB3   54
 493   2.099 0.000   HB2   54
 494 175.450 0.000   C     55
 495  38.465 0.000   CB    55
 496  56.374 0.000   CA    55
 497 116.732 0.000   N     55
 498   6.736 0.000   QE    55
 499   7.171 0.000   QD    55
 500   7.860 0.000   H     55
 501   4.655 0.000   HA    55
 502   2.547 0.000   HB3   55
 503   2.792 0.000   HB2   55
 504 179.254 0.000   C     56
 505   8.784 0.000   H     56
 506  57.409 0.000   CA    56
 507 126.328 0.000   N     56
 508   2.699 0.000   QB    56
 509  40.295 0.000   CB    56
 510   4.422 0.000   HA    56
 511 174.006 0.000   C     57
 512   9.094 0.000   H     57
 513  46.265 0.000   CA    57
 514 104.598 0.000   N     57
 515   4.141 0.000   HA2   57
 516   3.669 0.000   HA3   57
 517 176.460 0.000   C     58
 518  41.728 0.000   CB    58
 519  53.827 0.000   CA    58
 520   1.937 0.000   HB2   58
 521  26.429 0.000   CG    58
 522 115.661 0.000   N     58
 523   0.184 0.000   QD2   58
 524  26.150 0.000   CD1   58
 525  22.179 0.000   CD2   58
 526   0.415 0.000   QD1   58
 527   4.317 0.000   HA    58
 528   1.240 0.000   HG    58
 529   1.246 0.000   HB3   58
 530   8.004 0.000   H     58
 531 179.037 0.000   C     59
 532   7.355 0.000   H     59
 533  54.586 0.000   CA    59
 534 124.258 0.000   N     59
 535   1.603 0.000   QB    59
 536  18.131 0.000   CB    59
 537   3.952 0.000   HA    59
 538   4.201 0.000   QA    60
 539   8.421 0.000   H     60
 540 174.457 0.000   C     60
 541  45.990 0.000   CA    60
 542 111.749 0.000   N     60
 543   1.716 0.000   HG2   61
 544 175.405 0.000   C     61
 545   4.487 0.000   HA    61
 546  31.583 0.000   CB    61
 547  56.099 0.000   CA    61
 548  27.502 0.000   CG    61
 549   1.542 0.000   HG3   61
 550  43.470 0.000   CD    61
 551   3.298 0.000   QD    61
 552   8.238 0.000   H     61
 553 116.127 0.000   N     61
 554   1.728 0.000   HB3   61
 555   2.152 0.000   HB2   61
 556 176.502 0.000   C     62
 557  43.368 0.000   CB    62
 558  56.178 0.000   CA    62
 559   2.312 0.000   HB2   62
 560  26.515 0.000   CG    62
 561 117.011 0.000   N     62
 562   0.435 0.000   QD2   62
 563  27.484 0.000   CD1   62
 564  24.369 0.000   CD2   62
 565   0.928 0.000   QD1   62
 566   4.709 0.000   HA    62
 567   1.704 0.000   HG    62
 568   1.311 0.000   HB3   62
 569   8.997 0.000   H     62
 570 176.085 0.000   C     63
 571  17.278 0.000   CG2   63
 572  41.612 0.000   CB    63
 573  59.283 0.000   CA    63
 574   0.714 0.000   QD1   63
 575   0.775 0.000   QG2   63
 576 118.524 0.000   N     63
 577  27.215 0.000   CG1   63
 578   1.310 0.000   HG12  63
 579   0.716 0.000   HG13  63
 580  14.436 0.000   CD1   63
 581   8.240 0.000   H     63
 582   1.573 0.000   HB    63
 583   4.717 0.000   HA    63
 584   2.223 0.000   HG2   64
 585 175.123 0.000   C     64
 586  34.094 0.000   CB    64
 587  55.983 0.000   CA    64
 588  36.222 0.000   CG    64
 589   2.037 0.000   HG3   64
 590 127.179 0.000   N     64
 591   9.238 0.000   H     64
 592   4.501 0.000   HA    64
 593   1.849 0.000   HB3   64
 594   1.949 0.000   HB2   64
 595 176.000 0.000   C     65
 596   9.564 0.000   H     65
 597  55.585 0.000   CA    65
 598 129.413 0.000   N     65
 599  39.586 0.000   CB    65
 600   4.295 0.000   HA    65
 601   2.579 0.000   HB3   65
 602   2.981 0.000   HB2   65
 603 172.377 0.000   C     66
 604   8.277 0.000   H     66
 605  45.874 0.000   CA    66
 606 102.948 0.000   N     66
 607   4.073 0.000   HA2   66
 608   3.482 0.000   HA3   66
 609   2.430 0.000   HG2   67
 610 174.634 0.000   C     67
 611  33.537 0.000   CB    67
 612  53.595 0.000   CA    67
 613  35.619 0.000   CG    67
 614   2.252 0.000   HG3   67
 615 119.829 0.000   N     67
 616   7.564 0.000   H     67
 617   4.806 0.000   HA    67
 618   1.744 0.000   HB3   67
 619   2.205 0.000   HB2   67
 620 177.178 0.000   C     68
 621  21.898 0.000   CG2   68
 622   8.855 0.000   H     68
 623  64.472 0.000   CA    68
 624   0.875 0.000   QG2   68
 625   1.075 0.000   QG1   68
 626 122.972 0.000   N     68
 627  21.898 0.000   CG1   68
 628  31.405 0.000   CB    68
 629   1.849 0.000   HB    68
 630   3.841 0.000   HA    68
 631   8.534 0.000   H     69
 632  55.243 0.000   CA    69
 633 101.355 0.000   N     69
 634  33.391 0.000   CB    69
 635   2.089 0.000   HG2   70
 636 176.646 0.000   C     70
 637   3.505 0.000   HD3   70
 638   3.989 0.000   HD2   70
 639  31.730 0.000   CB    70
 640  64.651 0.000   CA    70
 641  27.928 0.000   CG    70
 642   1.922 0.000   HG3   70
 643  51.074 0.000   CD    70
 644   4.085 0.000   HA    70
 645   1.604 0.000   HB3   70
 646   1.961 0.000   HB2   70
 647 174.357 0.000   C     71
 648   6.985 0.000   HD2   71
 649  27.973 0.000   CB    71
 650  58.347 0.000   CA    71
 651 113.993 0.000   N     71
 652   8.311 0.000   H     71
 653   4.146 0.000   HA    71
 654   3.356 0.000   HB3   71
 655   3.698 0.000   HB2   71
 656 175.361 0.000   C     72
 657  21.066 0.000   CG2   72
 658  31.921 0.000   CB    72
 659  63.314 0.000   CA    72
 660   1.141 0.000   QG2   72
 661   1.305 0.000   QG1   72
 662 122.311 0.000   N     72
 663   2.479 0.000   HB    72
 664   7.852 0.000   H     72
 665  23.960 0.000   CG1   72
 666   4.152 0.000   HA    72
 667 173.597 0.000   C     73
 668   8.481 0.000   H     73
 669  51.979 0.000   CA    73
 670 126.331 0.000   N     73
 671   2.518 0.000   QB    73
 672  40.772 0.000   CB    73
 673   5.208 0.000   HA    73
 674 174.889 0.000   C     74
 675  21.631 0.000   CG2   74
 676  33.640 0.000   CB    74
 677  60.703 0.000   CA    74
 678   0.832 0.000   QG2   74
 679   1.034 0.000   QG1   74
 680 124.327 0.000   N     74
 681   2.005 0.000   HB    74
 682   8.140 0.000   H     74
 683  22.408 0.000   CG1   74
 684   5.262 0.000   HA    74
 685 175.881 0.000   C     75
 686  44.529 0.000   CB    75
 687  52.934 0.000   CA    75
 688   0.848 0.000   QD1   75
 689  27.947 0.000   CG    75
 690 126.134 0.000   N     75
 691   0.677 0.000   QD2   75
 692  25.715 0.000   CD1   75
 693  23.979 0.000   CD2   75
 694   9.338 0.000   H     75
 695   5.248 0.000   HA    75
 696   1.524 0.000   HG    75
 697   1.105 0.000   HB3   75
 698   1.800 0.000   HB2   75
 699   1.169 0.000   HG2   76
 700 176.139 0.000   C     76
 701   4.893 0.000   HA    76
 702   1.532 0.000   HD3   76
 703   1.740 0.000   HD2   76
 704   3.204 0.000   HE2   76
 705   2.837 0.000   HE3   76
 706  34.850 0.000   CB    76
 707  54.717 0.000   CA    76
 708  26.045 0.000   CG    76
 709   0.954 0.000   HG3   76
 710  42.413 0.000   CE    76
 711  30.427 0.000   CD    76
 712   9.151 0.000   H     76
 713 121.163 0.000   N     76
 714   1.308 0.000   HB3   76
 715   1.740 0.000   HB2   76
 716 175.508 0.000   C     77
 717   9.876 0.000   H     77
 718  54.545 0.000   CA    77
 719 128.740 0.000   N     77
 720   3.026 0.000   QB    77
 721  37.197 0.000   CB    77
 722   4.495 0.000   HA    77
 723 173.114 0.000   C     78
 724   8.076 0.000   H     78
 725  45.856 0.000   CA    78
 726 101.400 0.000   N     78
 727   4.229 0.000   HA2   78
 728   3.593 0.000   HA3   78
 729   1.808 0.000   HG2   79
 730 175.330 0.000   C     79
 731   4.707 0.000   HA    79
 732   3.245 0.000   HD3   79
 733   3.351 0.000   HD2   79
 734  32.168 0.000   CB    79
 735  54.290 0.000   CA    79
 736  26.915 0.000   CG    79
 737   1.705 0.000   HG3   79
 738  43.225 0.000   CD    79
 739   7.973 0.000   H     79
 740 121.776 0.000   N     79
 741   1.875 0.000   HB3   79
 742   2.023 0.000   HB2   79
 743 179.315 0.000   C     80
 744   9.536 0.000   H     80
 745  58.110 0.000   CA    80
 746  36.902 0.000   CG    80
 747 127.241 0.000   N     80
 748   2.411 0.000   QG    80
 749  30.088 0.000   CB    80
 750   4.434 0.000   HA    80
 751   2.016 0.000   HB3   80
 752   2.168 0.000   HB2   80
 753 179.008 0.000   C     81
 754  18.878 0.000   CG2   81
 755  31.038 0.000   CB    81
 756  65.078 0.000   CA    81
 757   1.002 0.000   QG2   81
 758   1.123 0.000   QG1   81
 759 117.695 0.000   N     81
 760   2.494 0.000   HB    81
 761   8.548 0.000   H     81
 762  22.586 0.000   CG1   81
 763   4.091 0.000   HA    81
 764 176.097 0.000   C     82
 765  19.513 0.000   CG2   82
 766   7.980 0.000   H     82
 767  64.183 0.000   CA    82
 768   0.593 0.000   QG2   82
 769   0.782 0.000   QG1   82
 770 121.142 0.000   N     82
 771   2.125 0.000   HB    82
 772  30.865 0.000   CB    82
 773  20.421 0.000   CG1   82
 774   4.024 0.000   HA    82
 775 175.033 0.000   C     83
 776   7.098 0.000   HD2   83
 777  30.782 0.000   CB    83
 778  55.855 0.000   CA    83
 779 118.013 0.000   N     83
 780   7.366 0.000   H     83
 781   4.911 0.000   HA    83
 782   3.049 0.000   HB3   83
 783   3.481 0.000   HB2   83
 784   0.960 0.000   QQD   84
 785 175.108 0.000   C     84
 786   7.497 0.000   H     84
 787  53.252 0.000   CA    84
 788  26.932 0.000   CG    84
 789 123.409 0.000   N     84
 790  22.557 0.000   CD1   84
 791  22.557 0.000   CD2   84
 792  39.978 0.000   CB    84
 793   4.745 0.000   HA    84
 794   1.052 0.000   HG    84
 795   1.777 0.000   HB3   84
 796   2.011 0.000   HB2   84
 797 176.812 0.000   C     85
 798   7.798 0.000   H     85
 799  53.165 0.000   CA    85
 800 120.896 0.000   N     85
 801  42.668 0.000   CB    85
 802   5.244 0.000   HA    85
 803   2.130 0.000   HB3   85
 804   2.895 0.000   HB2   85
 805 178.006 0.000   C     86
 806   8.067 0.000   H     86
 807  46.648 0.000   CA    86
 808 107.748 0.000   N     86
 809   4.131 0.000   HA2   86
 810   3.404 0.000   HA3   86
 811   3.055 0.000   HG2   87
 812 176.535 0.000   C     87
 813   9.804 0.000   H     87
 814  57.243 0.000   CA    87
 815  32.003 0.000   CG    87
 816   2.669 0.000   HG3   87
 817 126.984 0.000   N     87
 818  33.125 0.000   CB    87
 819   3.979 0.000   HA    87
 820   2.017 0.000   HB3   87
 821   2.263 0.000   HB2   87
 822 176.205 0.000   C     88
 823   7.638 0.000   H     88
 824  51.864 0.000   CA    88
 825 118.816 0.000   N     88
 826   1.548 0.000   QB    88
 827  18.550 0.000   CB    88
 828   4.458 0.000   HA    88
 829 172.780 0.000   C     89
 830  22.351 0.000   CG2   89
 831   7.253 0.000   H     89
 832  65.745 0.000   CA    89
 833   1.502 0.000   HG2   89
 834 116.151 0.000   N     89
 835  69.715 0.000   CB    89
 836   3.936 0.000   HB    89
 837   3.936 0.000   HA    89
 838 176.223 0.000   C     90
 839  20.195 0.000   CB    90
 840  52.303 0.000   CA    90
 841 100.591 0.000   N     90
 842   1.472 0.000   QB    90
 843   8.682 0.000   H     90
 844   4.255 0.000   HA    90
 845 173.435 0.000   C     91
 846  46.795 0.000   CB    91
 847  53.605 0.000   CA    91
 848   1.622 0.000   HB2   91
 849  27.020 0.000   CG    91
 850 120.284 0.000   N     91
 851   0.821 0.000   QD2   91
 852  26.681 0.000   CD1   91
 853  23.528 0.000   CD2   91
 854   0.652 0.000   QD1   91
 855   4.649 0.000   HA    91
 856   1.534 0.000   HG    91
 857   1.347 0.000   HB3   91
 858   7.955 0.000   H     91
 859 174.624 0.000   C     92
 860   8.972 0.000   H     92
 861  53.058 0.000   CA    92
 862 120.333 0.000   N     92
 863  45.542 0.000   CB    92
 864   5.068 0.000   HA    92
 865   2.371 0.000   HB3   92
 866   2.623 0.000   HB2   92
 867 177.651 0.000   C     93
 868   8.314 0.000   H     93
 869  56.595 0.000   CA    93
 870 116.849 0.000   N     93
 871  42.374 0.000   CB    93
 872   4.341 0.000   HA    93
 873   2.643 0.000   HB3   93
 874   2.774 0.000   HB2   93
 875 174.889 0.000   C     94
 876   9.367 0.000   H     94
 877  45.248 0.000   CA    94
 878 115.504 0.000   N     94
 879   4.388 0.000   HA2   94
 880   3.822 0.000   HA3   94
 881 174.096 0.000   C     95
 882   8.237 0.000   H     95
 883  55.711 0.000   CA    95
 884 122.016 0.000   N     95
 885  42.300 0.000   CB    95
 886   4.862 0.000   HA    95
 887   2.281 0.000   HB3   95
 888   2.972 0.000   HB2   95
 889 177.897 0.000   C     96
 890  20.637 0.000   CB    96
 891  49.477 0.000   CA    96
 892 119.411 0.000   N     96
 893   1.245 0.000   QB    96
 894   8.408 0.000   H     96
 895   5.749 0.000   HA    96
 896 174.990 0.000   C     97
 897  20.211 0.000   CG2   97
 898   9.306 0.000   H     97
 899  60.132 0.000   CA    97
 900   0.687 0.000   QG2   97
 901   0.822 0.000   QG1   97
 902 127.571 0.000   N     97
 903   1.933 0.000   HB    97
 904  33.605 0.000   CB    97
 905  22.012 0.000   CG1   97
 906   5.199 0.000   HA    97
 907 173.178 0.000   C     98
 908  65.293 0.000   CB    98
 909  57.040 0.000   CA    98
 910 121.890 0.000   N     98
 911   8.904 0.000   H     98
 912   5.393 0.000   HA    98
 913   3.755 0.000   HB3   98
 914   3.817 0.000   HB2   98
 915 173.946 0.000   C     99
 916  20.126 0.000   CG2   99
 917  33.461 0.000   CB    99
 918  61.903 0.000   CA    99
 919   0.627 0.000   QG2   99
 920   0.948 0.000   QG1   99
 921 122.384 0.000   N     99
 922   2.107 0.000   HB    99
 923   8.732 0.000   H     99
 924  22.699 0.000   CG1   99
 925   4.849 0.000   HA    99
 926   9.198 0.000   H    100
 927  54.243 0.000   CA   100
 928 124.460 0.000   N    100
 929   6.598 0.000   QE   100
 930   7.043 0.000   QD   100
 931  40.696 0.000   CB   100
 932   2.087 0.000   HG2  102
 933 177.386 0.000   C    102
 934   3.460 0.000   HD3  102
 935   3.649 0.000   HD2  102
 936  32.133 0.000   CB   102
 937  62.640 0.000   CA   102
 938  27.844 0.000   CG   102
 939   1.925 0.000   HG3  102
 940  50.314 0.000   CD   102
 941   4.561 0.000   HA   102
 942   1.787 0.000   HB3  102
 943   2.286 0.000   HB2  102
 944 176.198 0.000   C    103
 945  20.851 0.000   CG2  103
 946  32.663 0.000   CB   103
 947  62.640 0.000   CA   103
 948   0.966 0.000   QQG  103
 949 122.122 0.000   N    103
 950  20.851 0.000   CG1  103
 951   8.358 0.000   H    103
 952   2.074 0.000   HB   103
 953   4.011 0.000   HA   103
 954 177.891 0.000   C    104
 955   8.354 0.000   H    104
 956  52.558 0.000   CA   104
 957 127.270 0.000   N    104
 958   1.364 0.000   QB   104
 959  19.399 0.000   CB   104
 960   4.343 0.000   HA   104
 961 173.692 0.000   C    105
 962   8.287 0.000   H    105
 963  45.221 0.000   CA   105
 964 109.114 0.000   N    105
 965   3.995 0.000   HA2  105
 966   3.893 0.000   HA3  105
 967   7.906 0.000   H    106
 968  46.031 0.000   CA   106
 969 115.063 0.000   N    106
