   1   3.983 0.000   QA     2
   2 174.584 0.000   C      2
   3  45.273 0.000   CA     2
   4   3.924 0.000   QA     3
   5   8.448 0.000   H      3
   6 174.162 0.000   C      3
   7  45.238 0.000   CA     3
   8 109.053 0.000   N      3
   9 175.939 0.000   C      4
  10  30.856 0.000   CB     4
  11  56.076 0.000   CA     4
  12  26.912 0.000   CG     4
  13 120.555 0.000   N      4
  14  43.210 0.000   CD     4
  15   1.706 0.000   QB     4
  16   3.090 0.000   QD     4
  17   1.533 0.000   QG     4
  18   8.236 0.000   H      4
  19   4.302 0.000   HA     4
  20 175.769 0.000   C      5
  21  41.273 0.000   CB     5
  22  54.240 0.000   CA     5
  23 121.434 0.000   N      5
  24   2.632 0.000   QB     5
  25   8.417 0.000   H      5
  26   4.562 0.000   HA     5
  27 175.540 0.000   C      6
  28  38.712 0.000   CB     6
  29  57.947 0.000   CA     6
  30 120.500 0.000   N      6
  31   2.970 0.000   QB     6
  32   6.815 0.000   QE     6
  33   7.088 0.000   QD     6
  34   8.038 0.000   H      6
  35   4.503 0.000   HA     6
  36 176.027 0.000   C      7
  37  33.334 0.000   CB     7
  38  56.071 0.000   CA     7
  39  24.544 0.000   CG     7
  40  42.017 0.000   CE     7
  41  28.951 0.000   CD     7
  42 123.146 0.000   N      7
  43   1.717 0.000   QB     7
  44   2.971 0.000   QE     7
  45   1.658 0.000   QD     7
  46   1.313 0.000   QG     7
  47   8.190 0.000   H      7
  48   4.261 0.000   HA     7
  49  41.455 0.000   CB     8
  50  54.637 0.000   CA     8
  51   8.266 0.000   H      8
  52 121.425 0.000   N      8
  53  41.087 0.000   CB    11
  54 176.254 0.000   C     11
  55   2.654 0.000   QB    11
  56   4.569 0.000   HA    11
  57  54.262 0.000   CA    11
  58 177.152 0.000   C     12
  59  33.063 0.000   CB    12
  60  56.575 0.000   CA    12
  61  24.592 0.000   CG    12
  62  42.124 0.000   CE    12
  63  28.932 0.000   CD    12
  64 121.968 0.000   N     12
  65   1.790 0.000   QB    12
  66   2.967 0.000   QE    12
  67   1.665 0.000   QD    12
  68   1.401 0.000   QG    12
  69   8.032 0.000   H     12
  70   4.277 0.000   HA    12
  71   4.036 0.000   QA    13
  72   8.564 0.000   H     13
  73  45.492 0.000   CA    13
  74 174.108 0.000   C     13
  75 111.347 0.000   N     13
  76 173.351 0.000   C     14
  77  21.412 0.000   CG2   14
  78  72.924 0.000   CB    14
  79  60.202 0.000   CA    14
  80   1.061 0.000   QG2   14
  81 110.417 0.000   N     14
  82   7.958 0.000   H     14
  83   4.062 0.000   HB    14
  84   5.141 0.000   HA    14
  85 172.297 0.000   C     15
  86  35.572 0.000   CB    15
  87  54.254 0.000   CA    15
  88  30.946 0.000   CG    15
  89 118.896 0.000   N     15
  90   1.926 0.000   QB    15
  91   2.215 0.000   QG    15
  92   9.400 0.000   H     15
  93   4.822 0.000   HA    15
  94 174.824 0.000   C     16
  95  32.751 0.000   CB    16
  96  55.421 0.000   CA    16
  97  38.315 0.000   CG    16
  98 122.667 0.000   N     16
  99   2.013 0.000   QB    16
 100   2.188 0.000   QG    16
 101   9.266 0.000   H     16
 102   5.267 0.000   HA    16
 103   0.928 0.000   QQD   17
 104 175.443 0.000   C     17
 105  46.534 0.000   CB    17
 106  52.687 0.000   CA    17
 107  27.441 0.000   CG    17
 108 125.630 0.000   N     17
 109   1.553 0.000   QB    17
 110  26.936 0.000   CD1   17
 111  26.936 0.000   CD2   17
 112   9.120 0.000   H     17
 113   5.130 0.000   HA    17
 114   1.683 0.000   HG    17
 115 173.963 0.000   C     18
 116  31.537 0.000   CB    18
 117  54.492 0.000   CA    18
 118  36.055 0.000   CG    18
 119 122.712 0.000   N     18
 120   1.825 0.000   QB    18
 121   1.589 0.000   QG    18
 122   8.458 0.000   H     18
 123   4.465 0.000   HA    18
 124   0.257 0.000   QQD   19
 125 174.873 0.000   C     19
 126  42.765 0.000   CB    19
 127  52.493 0.000   CA    19
 128  27.348 0.000   CG    19
 129 128.589 0.000   N     19
 130   1.097 0.000   QB    19
 131  24.953 0.000   CD1   19
 132  24.953 0.000   CD2   19
 133   9.018 0.000   H     19
 134   5.010 0.000   HA    19
 135   1.254 0.000   HG    19
 136 174.116 0.000   C     20
 137  33.064 0.000   CB    20
 138  53.951 0.000   CA    20
 139  27.322 0.000   CG    20
 140  43.884 0.000   CD    20
 141 120.550 0.000   N     20
 142   1.604 0.000   QB    20
 143   2.984 0.000   QD    20
 144   1.371 0.000   QG    20
 145   8.570 0.000   H     20
 146   4.927 0.000   HA    20
 147 175.176 0.000   C     21
 148  42.467 0.000   CB    21
 149  57.181 0.000   CA    21
 150 118.173 0.000   N     21
 151   2.521 0.000   QB    21
 152   6.706 0.000   QE    21
 153   6.853 0.000   QD    21
 154   8.111 0.000   H     21
 155   4.935 0.000   HA    21
 156 174.276 0.000   C     22
 157  43.554 0.000   CB    22
 158  57.261 0.000   CA    22
 159 117.420 0.000   N     22
 160   6.921 0.000   QE    22
 161   6.778 0.000   QD    22
 162   6.807 0.000   H     22
 163   4.497 0.000   HA    22
 164   9.635 0.000   H     23
 165 126.269 0.000   N     23
 166 176.821 0.000   C     24
 167   4.044 0.000   HA    24
 168  68.712 0.000   CB    24
 169  65.434 0.000   CA    24
 170   1.320 0.000   HG2   24
 171   4.051 0.000   HB    24
 172  22.340 0.000   CG2   24
 173 177.365 0.000   C     25
 174  36.760 0.000   CB    25
 175  56.394 0.000   CA    25
 176 116.908 0.000   N     25
 177   3.421 0.000   QB    25
 178   7.223 0.000   QE    25
 179   7.069 0.000   QD    25
 180   7.473 0.000   H     25
 181   4.693 0.000   HA    25
 182 178.109 0.000   C     26
 183  29.344 0.000   CB    26
 184  58.704 0.000   CA    26
 185  25.794 0.000   CG    26
 186  43.752 0.000   CD    26
 187 121.458 0.000   N     26
 188   1.565 0.000   QB    26
 189   3.021 0.000   QD    26
 190   1.327 0.000   QG    26
 191   7.064 0.000   H     26
 192   3.642 0.000   HA    26
 193 178.359 0.000   C     27
 194  29.193 0.000   CB    27
 195  58.788 0.000   CA    27
 196  36.323 0.000   CG    27
 197 118.265 0.000   N     27
 198   2.154 0.000   QB    27
 199   2.230 0.000   QG    27
 200   7.333 0.000   H     27
 201   3.913 0.000   HA    27
 202 177.256 0.000   C     28
 203  21.505 0.000   CG2   28
 204  32.197 0.000   CB    28
 205  65.473 0.000   CA    28
 206   0.914 0.000   QQG   28
 207 116.925 0.000   N     28
 208   1.954 0.000   HB    28
 209   7.311 0.000   H     28
 210  21.505 0.000   CG1   28
 211   3.675 0.000   HA    28
 212 177.073 0.000   C     29
 213  20.041 0.000   CG2   29
 214  32.052 0.000   CB    29
 215  64.412 0.000   CA    29
 216  -0.111 0.000   QQG   29
 217 117.045 0.000   N     29
 218   1.210 0.000   HB    29
 219   7.213 0.000   H     29
 220  20.041 0.000   CG1   29
 221   3.240 0.000   HA    29
 222 178.117 0.000   C     30
 223  32.925 0.000   CB    30
 224  45.021 0.000   CA    30
 225 107.107 0.000   N     30
 226   3.917 0.000   QA    30
 227   8.074 0.000   H     30
 228 173.432 0.000   C     31
 229  33.018 0.000   CB    31
 230  53.876 0.000   CA    31
 231  33.700 0.000   CG    31
 232 113.049 0.000   N     31
 233   1.935 0.000   QB    31
 234   2.097 0.000   QG    31
 235   7.187 0.000   H     31
 236   4.541 0.000   HA    31
 237 175.889 0.000   C     32
 238  32.894 0.000   CB    32
 239  58.898 0.000   CA    32
 240  24.680 0.000   CG    32
 241  41.916 0.000   CE    32
 242  29.725 0.000   CD    32
 243 117.758 0.000   N     32
 244   1.694 0.000   QB    32
 245   2.872 0.000   QE    32
 246   1.646 0.000   QD    32
 247   1.295 0.000   QG    32
 248   8.422 0.000   H     32
 249   3.988 0.000   HA    32
 250 173.292 0.000   C     33
 251  65.307 0.000   CB    33
 252  56.661 0.000   CA    33
 253 111.427 0.000   N     33
 254   3.512 0.000   QB    33
 255   7.574 0.000   H     33
 256   5.665 0.000   HA    33
 257 173.384 0.000   C     34
 258   4.541 0.000   HA    34
 259  42.061 0.000   CB    34
 260  59.639 0.000   CA    34
 261   0.860 0.000   QG2   34
 262   1.163 0.000   QG1   34
 263 119.429 0.000   N     34
 264   1.901 0.000   HB    34
 265  13.200 0.000   CD1   34
 266   8.893 0.000   H     34
 267   0.784 0.000   QD1   34
 268  26.546 0.000   CG1   34
 269  17.470 0.000   CG2   34
 270 175.925 0.000   C     35
 271  39.667 0.000   CB    35
 272  57.346 0.000   CA    35
 273 121.545 0.000   N     35
 274   2.877 0.000   QB    35
 275   6.753 0.000   QE    35
 276   8.595 0.000   H     35
 277   5.537 0.000   HA    35
 278 174.806 0.000   C     36
 279   7.157 0.000   HD1   36
 280  35.194 0.000   CB    36
 281  54.473 0.000   CA    36
 282 125.694 0.000   N     36
 283   3.024 0.000   QB    36
 284   9.205 0.000   H     36
 285   5.246 0.000   HA    36
 286 175.937 0.000   C     37
 287  30.918 0.000   CB    37
 288  55.248 0.000   CA    37
 289  27.613 0.000   CG    37
 290  42.987 0.000   CD    37
 291 123.831 0.000   N     37
 292   1.663 0.000   QB    37
 293   3.141 0.000   QD    37
 294   1.532 0.000   QG    37
 295   8.402 0.000   H     37
 296   5.417 0.000   HA    37
 297 174.410 0.000   C     38
 298  21.152 0.000   CG2   38
 299  36.158 0.000   CB    38
 300  58.438 0.000   CA    38
 301   0.899 0.000   QQG   38
 302 118.288 0.000   N     38
 303   2.344 0.000   HB    38
 304   8.808 0.000   H     38
 305  21.152 0.000   CG1   38
 306   4.728 0.000   HA    38
 307 176.905 0.000   C     39
 308  41.947 0.000   CB    39
 309  55.330 0.000   CA    39
 310 121.305 0.000   N     39
 311   2.727 0.000   QB    39
 312   8.367 0.000   H     39
 313   4.707 0.000   HA    39
 314 175.275 0.000   C     40
 315  40.027 0.000   CB    40
 316  55.517 0.000   CA    40
 317 118.516 0.000   N     40
 318   2.561 0.000   QB    40
 319   8.073 0.000   H     40
 320   4.388 0.000   HA    40
 321 176.915 0.000   C     41
 322  40.048 0.000   CB    41
 323  52.433 0.000   CA    41
 324 116.069 0.000   N     41
 325   2.778 0.000   QB    41
 326   7.963 0.000   H     41
 327   4.752 0.000   HA    41
 328 177.382 0.000   C     42
 329  19.482 0.000   CB    42
 330  53.535 0.000   CA    42
 331 124.070 0.000   N     42
 332   7.765 0.000   H     42
 333   1.459 0.000   HB    42
 334   4.431 0.000   HA    42
 335 177.067 0.000   C     43
 336  22.030 0.000   CG2   43
 337  73.474 0.000   CB    43
 338  59.216 0.000   CA    43
 339   1.191 0.000   QG2   43
 340 110.417 0.000   N     43
 341   8.720 0.000   H     43
 342   4.501 0.000   HB    43
 343   4.941 0.000   HA    43
 344 177.186 0.000   C     44
 345  23.023 0.000   CG2   44
 346  32.301 0.000   CB    44
 347  67.617 0.000   CA    44
 348   0.953 0.000   QQG   44
 349 119.279 0.000   N     44
 350   2.026 0.000   HB    44
 351   8.802 0.000   H     44
 352  23.023 0.000   CG1   44
 353   3.448 0.000   HA    44
 354   3.844 0.000   QA    45
 355   9.297 0.000   H     45
 356 175.431 0.000   C     45
 357  48.776 0.000   CA    45
 358 107.462 0.000   N     45
 359 179.302 0.000   C     46
 360  41.185 0.000   CB    46
 361  57.749 0.000   CA    46
 362 120.445 0.000   N     46
 363   2.984 0.000   QB    46
 364   7.480 0.000   H     46
 365   4.411 0.000   HA    46
 366 178.074 0.000   C     47
 367  22.414 0.000   CG2   47
 368  31.585 0.000   CB    47
 369  66.785 0.000   CA    47
 370   0.901 0.000   QQG   47
 371 121.432 0.000   N     47
 372   2.312 0.000   HB    47
 373   7.958 0.000   H     47
 374  22.414 0.000   CG1   47
 375   3.784 0.000   HA    47
 376   0.762 0.000   QQD   48
 377 178.881 0.000   C     48
 378  40.944 0.000   CB    48
 379  58.493 0.000   CA    48
 380  26.593 0.000   CG    48
 381 118.821 0.000   N     48
 382   1.652 0.000   QB    48
 383  21.530 0.000   CD1   48
 384  21.530 0.000   CD2   48
 385   8.651 0.000   H     48
 386   4.004 0.000   HA    48
 387   0.868 0.000   HG    48
 388 180.283 0.000   C     49
 389  30.768 0.000   CB    49
 390  60.392 0.000   CA    49
 391  29.333 0.000   CG    49
 392  43.306 0.000   CD    49
 393 118.557 0.000   N     49
 394   1.936 0.000   QB    49
 395   3.221 0.000   QD    49
 396   1.767 0.000   QG    49
 397   8.347 0.000   H     49
 398   3.872 0.000   HA    49
 399 177.006 0.000   C     50
 400  63.132 0.000   CB    50
 401  62.434 0.000   CA    50
 402 117.346 0.000   N     50
 403   4.268 0.000   QB    50
 404   8.337 0.000   H     50
 405   4.400 0.000   HA    50
 406   0.600 0.000   QQD   51
 407 178.641 0.000   C     51
 408  42.647 0.000   CB    51
 409  58.542 0.000   CA    51
 410  24.481 0.000   CG    51
 411 124.421 0.000   N     51
 412   1.657 0.000   QB    51
 413  24.481 0.000   CD1   51
 414  24.481 0.000   CD2   51
 415   8.632 0.000   H     51
 416   4.239 0.000   HA    51
 417   0.819 0.000   HG    51
 418 176.954 0.000   C     52
 419  29.812 0.000   CB    52
 420  61.178 0.000   CA    52
 421  37.969 0.000   CG    52
 422 116.159 0.000   N     52
 423   2.148 0.000   QB    52
 424   2.569 0.000   QG    52
 425   7.788 0.000   H     52
 426   3.730 0.000   HA    52
 427 178.920 0.000   C     53
 428  18.964 0.000   CB    53
 429  53.583 0.000   CA    53
 430 117.193 0.000   N     53
 431   7.425 0.000   H     53
 432   1.530 0.000   HB    53
 433   4.223 0.000   HA    53
 434 176.382 0.000   C     54
 435  30.990 0.000   CB    54
 436  57.459 0.000   CA    54
 437  35.415 0.000   CG    54
 438 117.513 0.000   N     54
 439   1.957 0.000   QB    54
 440   1.952 0.000   QG    54
 441   7.921 0.000   H     54
 442   4.136 0.000   HA    54
 443 175.450 0.000   C     55
 444  38.487 0.000   CB    55
 445  56.483 0.000   CA    55
 446 116.732 0.000   N     55
 447   2.641 0.000   QB    55
 448   6.736 0.000   QE    55
 449   7.171 0.000   QD    55
 450   7.860 0.000   H     55
 451   4.645 0.000   HA    55
 452 179.254 0.000   C     56
 453  40.239 0.000   CB    56
 454  57.411 0.000   CA    56
 455 126.328 0.000   N     56
 456   2.690 0.000   QB    56
 457   8.784 0.000   H     56
 458   4.419 0.000   HA    56
 459   3.896 0.000   QA    57
 460   9.094 0.000   H     57
 461 174.006 0.000   C     57
 462  46.229 0.000   CA    57
 463 104.598 0.000   N     57
 464   0.294 0.000   QQD   58
 465 176.460 0.000   C     58
 466  41.718 0.000   CB    58
 467  53.883 0.000   CA    58
 468  24.169 0.000   CG    58
 469 115.661 0.000   N     58
 470   1.531 0.000   QB    58
 471  24.169 0.000   CD1   58
 472  24.169 0.000   CD2   58
 473   8.004 0.000   H     58
 474   4.312 0.000   HA    58
 475   0.294 0.000   HG    58
 476 179.037 0.000   C     59
 477  18.039 0.000   CB    59
 478  54.562 0.000   CA    59
 479 124.258 0.000   N     59
 480   1.593 0.000   QB    59
 481   7.355 0.000   H     59
 482   3.942 0.000   HA    59
 483   4.192 0.000   QA    60
 484   8.421 0.000   H     60
 485 174.457 0.000   C     60
 486  46.029 0.000   CA    60
 487 111.749 0.000   N     60
 488 175.405 0.000   C     61
 489  31.627 0.000   CB    61
 490  56.092 0.000   CA    61
 491  27.503 0.000   CG    61
 492 116.127 0.000   N     61
 493  43.456 0.000   CD    61
 494   1.935 0.000   QB    61
 495   3.298 0.000   QD    61
 496   1.959 0.000   QG    61
 497   8.238 0.000   H     61
 498   4.476 0.000   HA    61
 499   0.669 0.000   QQD   62
 500 176.502 0.000   C     62
 501  43.319 0.000   CB    62
 502  56.098 0.000   CA    62
 503  26.508 0.000   CG    62
 504 117.011 0.000   N     62
 505   1.807 0.000   QB    62
 506  25.927 0.000   CD1   62
 507  25.927 0.000   CD2   62
 508   8.997 0.000   H     62
 509   4.706 0.000   HA    62
 510   1.694 0.000   HG    62
 511 176.085 0.000   C     63
 512   4.699 0.000   HA    63
 513  41.630 0.000   CB    63
 514  59.251 0.000   CA    63
 515   0.759 0.000   QG2   63
 516   1.055 0.000   QG1   63
 517 118.524 0.000   N     63
 518   1.553 0.000   HB    63
 519  14.405 0.000   CD1   63
 520   8.240 0.000   H     63
 521   0.718 0.000   QD1   63
 522  27.196 0.000   CG1   63
 523  17.222 0.000   CG2   63
 524 175.123 0.000   C     64
 525  34.044 0.000   CB    64
 526  56.025 0.000   CA    64
 527  36.190 0.000   CG    64
 528 127.179 0.000   N     64
 529   1.899 0.000   QB    64
 530   2.134 0.000   QG    64
 531   9.238 0.000   H     64
 532   4.498 0.000   HA    64
 533 176.000 0.000   C     65
 534  39.588 0.000   CB    65
 535  55.652 0.000   CA    65
 536 129.413 0.000   N     65
 537   2.772 0.000   QB    65
 538   9.564 0.000   H     65
 539   4.284 0.000   HA    65
 540   3.769 0.000   QA    66
 541   8.277 0.000   H     66
 542 172.377 0.000   C     66
 543  45.864 0.000   CA    66
 544 102.948 0.000   N     66
 545 174.634 0.000   C     67
 546  33.471 0.000   CB    67
 547  53.550 0.000   CA    67
 548  35.603 0.000   CG    67
 549 119.829 0.000   N     67
 550   1.972 0.000   QB    67
 551   2.359 0.000   QG    67
 552   7.564 0.000   H     67
 553   4.800 0.000   HA    67
 554 177.178 0.000   C     68
 555  21.907 0.000   CG2   68
 556  31.380 0.000   CB    68
 557  64.499 0.000   CA    68
 558   0.973 0.000   QQG   68
 559 122.972 0.000   N     68
 560   1.836 0.000   HB    68
 561   8.855 0.000   H     68
 562  21.907 0.000   CG1   68
 563   3.837 0.000   HA    68
 564  33.391 0.000   CB    69
 565  55.243 0.000   CA    69
 566   8.534 0.000   H     69
 567 101.355 0.000   N     69
 568 176.646 0.000   C     70
 569  31.709 0.000   CB    70
 570  64.681 0.000   CA    70
 571  27.913 0.000   CG    70
 572  51.070 0.000   CD    70
 573   1.772 0.000   QB    70
 574   3.747 0.000   QD    70
 575   2.006 0.000   QG    70
 576   4.065 0.000   HA    70
 577 174.357 0.000   C     71
 578   6.985 0.000   HD2   71
 579  27.897 0.000   CB    71
 580  58.324 0.000   CA    71
 581 113.993 0.000   N     71
 582   3.516 0.000   QB    71
 583   8.311 0.000   H     71
 584   4.141 0.000   HA    71
 585 175.361 0.000   C     72
 586  22.490 0.000   CG2   72
 587  31.903 0.000   CB    72
 588  63.299 0.000   CA    72
 589   1.230 0.000   QQG   72
 590 122.311 0.000   N     72
 591   2.468 0.000   HB    72
 592   7.852 0.000   H     72
 593  22.490 0.000   CG1   72
 594   4.141 0.000   HA    72
 595 173.597 0.000   C     73
 596  40.779 0.000   CB    73
 597  52.008 0.000   CA    73
 598 126.331 0.000   N     73
 599   2.506 0.000   QB    73
 600   8.481 0.000   H     73
 601   5.197 0.000   HA    73
 602 174.889 0.000   C     74
 603  21.926 0.000   CG2   74
 604  33.621 0.000   CB    74
 605  60.735 0.000   CA    74
 606   0.942 0.000   QQG   74
 607 124.327 0.000   N     74
 608   1.995 0.000   HB    74
 609   8.140 0.000   H     74
 610  21.926 0.000   CG1   74
 611   5.257 0.000   HA    74
 612   0.748 0.000   QQD   75
 613 175.881 0.000   C     75
 614  44.492 0.000   CB    75
 615  52.899 0.000   CA    75
 616  26.381 0.000   CG    75
 617 126.134 0.000   N     75
 618   1.446 0.000   QB    75
 619  25.454 0.000   CD1   75
 620  25.454 0.000   CD2   75
 621   9.338 0.000   H     75
 622   5.248 0.000   HA    75
 623   1.518 0.000   HG    75
 624 176.139 0.000   C     76
 625   4.886 0.000   HA    76
 626  34.794 0.000   CB    76
 627  54.691 0.000   CA    76
 628  26.078 0.000   CG    76
 629  42.394 0.000   CE    76
 630 121.163 0.000   N     76
 631   1.512 0.000   QB    76
 632   3.015 0.000   QE    76
 633   1.636 0.000   QD    76
 634   1.061 0.000   QG    76
 635   9.151 0.000   H     76
 636  30.430 0.000   CD    76
 637 175.508 0.000   C     77
 638  37.218 0.000   CB    77
 639  54.538 0.000   CA    77
 640 128.740 0.000   N     77
 641   3.019 0.000   QB    77
 642   9.876 0.000   H     77
 643   4.492 0.000   HA    77
 644   3.918 0.000   QA    78
 645   8.076 0.000   H     78
 646 173.114 0.000   C     78
 647  45.813 0.000   CA    78
 648 101.400 0.000   N     78
 649 175.330 0.000   C     79
 650  32.163 0.000   CB    79
 651  54.237 0.000   CA    79
 652  26.823 0.000   CG    79
 653 121.776 0.000   N     79
 654  43.240 0.000   CD    79
 655   1.928 0.000   QB    79
 656   3.293 0.000   QD    79
 657   1.756 0.000   QG    79
 658   7.973 0.000   H     79
 659   4.705 0.000   HA    79
 660 179.315 0.000   C     80
 661  30.030 0.000   CB    80
 662  58.039 0.000   CA    80
 663  36.856 0.000   CG    80
 664 127.233 0.000   N     80
 665   2.083 0.000   QB    80
 666   2.403 0.000   QG    80
 667   9.535 0.000   H     80
 668   4.417 0.000   HA    80
 669 179.008 0.000   C     81
 670  20.688 0.000   CG2   81
 671  31.000 0.000   CB    81
 672  65.111 0.000   CA    81
 673   1.061 0.000   QQG   81
 674 117.695 0.000   N     81
 675   2.484 0.000   HB    81
 676   8.548 0.000   H     81
 677  20.688 0.000   CG1   81
 678   4.087 0.000   HA    81
 679 176.097 0.000   C     82
 680  19.950 0.000   CG2   82
 681  30.834 0.000   CB    82
 682  64.148 0.000   CA    82
 683   0.697 0.000   QQG   82
 684 121.142 0.000   N     82
 685   2.111 0.000   HB    82
 686   7.980 0.000   H     82
 687  19.950 0.000   CG1   82
 688   4.019 0.000   HA    82
 689 175.033 0.000   C     83
 690   7.098 0.000   HD2   83
 691  30.700 0.000   CB    83
 692  55.803 0.000   CA    83
 693 118.013 0.000   N     83
 694   3.262 0.000   QB    83
 695   7.366 0.000   H     83
 696   4.909 0.000   HA    83
 697   0.966 0.000   QQD   84
 698 175.108 0.000   C     84
 699  39.891 0.000   CB    84
 700  53.423 0.000   CA    84
 701  26.984 0.000   CG    84
 702 123.409 0.000   N     84
 703   1.858 0.000   QB    84
 704  22.513 0.000   CD1   84
 705  22.513 0.000   CD2   84
 706   7.497 0.000   H     84
 707   4.739 0.000   HA    84
 708   1.052 0.000   HG    84
 709 176.812 0.000   C     85
 710  42.660 0.000   CB    85
 711  53.125 0.000   CA    85
 712 120.896 0.000   N     85
 713   2.507 0.000   QB    85
 714   7.798 0.000   H     85
 715   5.236 0.000   HA    85
 716   3.760 0.000   QA    86
 717   8.067 0.000   H     86
 718 178.006 0.000   C     86
 719  46.694 0.000   CA    86
 720 107.748 0.000   N     86
 721 176.535 0.000   C     87
 722  32.972 0.000   CB    87
 723  57.195 0.000   CA    87
 724  32.127 0.000   CG    87
 725 126.984 0.000   N     87
 726   2.127 0.000   QB    87
 727   2.851 0.000   QG    87
 728   9.804 0.000   H     87
 729   3.971 0.000   HA    87
 730 176.205 0.000   C     88
 731  18.532 0.000   CB    88
 732  51.865 0.000   CA    88
 733 118.816 0.000   N     88
 734   7.638 0.000   H     88
 735   1.541 0.000   HB    88
 736   4.448 0.000   HA    88
 737 172.780 0.000   C     89
 738   3.924 0.000   HA    89
 739  69.799 0.000   CB    89
 740  65.719 0.000   CA    89
 741   1.502 0.000   HG2   89
 742 116.151 0.000   N     89
 743   7.253 0.000   H     89
 744   3.924 0.000   HB    89
 745  22.398 0.000   CG2   89
 746 176.223 0.000   C     90
 747  20.082 0.000   CB    90
 748  52.315 0.000   CA    90
 749 100.591 0.000   N     90
 750   8.682 0.000   H     90
 751   1.461 0.000   HB    90
 752   4.246 0.000   HA    90
 753   0.791 0.000   QQD   91
 754 173.435 0.000   C     91
 755  46.755 0.000   CB    91
 756  53.581 0.000   CA    91
 757  26.727 0.000   CG    91
 758 120.284 0.000   N     91
 759   1.482 0.000   QB    91
 760  23.547 0.000   CD1   91
 761  23.547 0.000   CD2   91
 762   7.955 0.000   H     91
 763   4.636 0.000   HA    91
 764   0.652 0.000   HG    91
 765 174.624 0.000   C     92
 766  45.536 0.000   CB    92
 767  52.993 0.000   CA    92
 768 120.333 0.000   N     92
 769   2.467 0.000   QB    92
 770   8.972 0.000   H     92
 771   5.056 0.000   HA    92
 772 177.651 0.000   C     93
 773  42.355 0.000   CB    93
 774  56.546 0.000   CA    93
 775 116.849 0.000   N     93
 776   2.696 0.000   QB    93
 777   8.314 0.000   H     93
 778   4.330 0.000   HA    93
 779   4.095 0.000   QA    94
 780   9.367 0.000   H     94
 781 174.889 0.000   C     94
 782  45.200 0.000   CA    94
 783 115.504 0.000   N     94
 784 174.096 0.000   C     95
 785  42.302 0.000   CB    95
 786  55.737 0.000   CA    95
 787 122.016 0.000   N     95
 788   2.553 0.000   QB    95
 789   8.237 0.000   H     95
 790   4.850 0.000   HA    95
 791 177.897 0.000   C     96
 792  20.628 0.000   CB    96
 793  49.477 0.000   CA    96
 794 119.411 0.000   N     96
 795   8.408 0.000   H     96
 796   1.239 0.000   HB    96
 797   5.749 0.000   HA    96
 798 174.990 0.000   C     97
 799  21.096 0.000   CG2   97
 800  33.599 0.000   CB    97
 801  60.120 0.000   CA    97
 802   0.751 0.000   QQG   97
 803 127.571 0.000   N     97
 804   1.922 0.000   HB    97
 805   9.306 0.000   H     97
 806  21.096 0.000   CG1   97
 807   5.196 0.000   HA    97
 808 173.178 0.000   C     98
 809  65.278 0.000   CB    98
 810  56.979 0.000   CA    98
 811 121.890 0.000   N     98
 812   3.787 0.000   QB    98
 813   8.904 0.000   H     98
 814   5.385 0.000   HA    98
 815 173.946 0.000   C     99
 816  21.418 0.000   CG2   99
 817  33.410 0.000   CB    99
 818  61.851 0.000   CA    99
 819   0.781 0.000   QQG   99
 820 122.384 0.000   N     99
 821   2.096 0.000   HB    99
 822   8.732 0.000   H     99
 823  21.418 0.000   CG1   99
 824   4.844 0.000   HA    99
 825  40.696 0.000   CB   100
 826  54.243 0.000   CA   100
 827 124.460 0.000   N    100
 828   6.598 0.000   QE   100
 829   7.043 0.000   QD   100
 830   9.198 0.000   H    100
 831 177.386 0.000   C    102
 832  32.117 0.000   CB   102
 833  62.704 0.000   CA   102
 834  27.838 0.000   CG   102
 835  50.388 0.000   CD   102
 836   2.024 0.000   QB   102
 837   3.561 0.000   QD   102
 838   2.003 0.000   QG   102
 839   4.552 0.000   HA   102
 840 176.198 0.000   C    103
 841  20.837 0.000   CG2  103
 842  32.623 0.000   CB   103
 843  62.706 0.000   CA   103
 844   0.961 0.000   QQG  103
 845 122.122 0.000   N    103
 846   2.058 0.000   HB   103
 847   8.358 0.000   H    103
 848  20.837 0.000   CG1  103
 849   4.002 0.000   HA   103
 850 177.891 0.000   C    104
 851  19.325 0.000   CB   104
 852  52.471 0.000   CA   104
 853 127.270 0.000   N    104
 854   8.354 0.000   H    104
 855   1.361 0.000   HB   104
 856   4.336 0.000   HA   104
 857   3.933 0.000   QA   105
 858   8.287 0.000   H    105
 859 173.692 0.000   C    105
 860  45.259 0.000   CA   105
 861 109.114 0.000   N    105
 862   7.906 0.000   H    106
 863  46.031 0.000   CA   106
 864 115.059 0.000   N    106