REMARK  Neural network secondary structure prediction for shifts.txt
REMARK     H-Helix    E-Strand   L-Coil 

DATA FIRST_RESID 1

DATA SEQUENCE     GGRDYKDDDD KGTMELELRF FATFREVVGQ KSIYWRVDDD ATVGDVLRSL 
DATA PREDICTED_SS XLLLLLLXXL LLLEEEEEEE ELLHHHHHLL LLEEEEELLL LLHHHHHHHH 
DATA CONFIDENCE   0999899009 9817999998 5773899628 8479995799 9859999999 

DATA SEQUENCE     EAEYDGLAGR LIEDGEVKPH VNVLKNGREV VHLDGMATAL DDGDAVSVFP 
DATA PREDICTED_SS HHLLLLLLLL LEELLELLHH LEEEELLELH HHLLLLLLLE ELLLEEEEEL 
DATA CONFIDENCE   7078877887 0648821803 4699688229 8378899925 2587599829 


DATA SEQUENCE     PVAGG
DATA PREDICTED_SS LLLLL
DATA CONFIDENCE   98880

VARS RESID RESNAME CS_CNT CS_CNT_R2 Q_H Q_E Q_L CONFIDENCE SS_CLASS
FORMAT %4d %1s %2d %2d %8.3f %8.3f %8.3f %4.2f %s

    2 G  7  2    0.333    0.333    0.333 0.00 X
    3 G 13  5    0.014    0.041    0.945 0.90 L
    4 R 17  6    0.000    0.029    0.971 0.94 L
    5 D 18  6    0.000    0.044    0.956 0.91 L
    6 Y 18  6    0.013    0.057    0.930 0.87 L
    7 K 17  6    0.006    0.044    0.950 0.91 L
    8 D 11  5    0.000    0.004    0.996 0.99 L
    9 D  5  0    0.000    0.000    0.000 0.00 X
   10 D  3  0    0.000    0.000    0.000 0.00 X
   11 D  9  3    0.007    0.019    0.974 0.96 L
   12 K 14  6    0.005    0.042    0.953 0.91 L
   13 G 17  5    0.000    0.091    0.909 0.82 L
   14 T 17  6    0.000    0.445    0.555 0.11 L
   15 M 18  6    0.000    0.887    0.113 0.77 E
   16 E 18  6    0.000    0.984    0.016 0.97 E
   17 L 18  6    0.005    0.987    0.008 0.98 E
   18 E 18  6    0.002    0.984    0.014 0.97 E
   19 L 18  6    0.000    0.959    0.040 0.92 E
   20 R 18  6    0.000    0.967    0.033 0.93 E
   21 F 18  6    0.000    0.928    0.072 0.86 E
   22 F 15  6    0.004    0.776    0.220 0.56 E
   23 A 12  3    0.000    0.103    0.897 0.79 L
   24 T 12  3    0.113    0.072    0.815 0.70 L
   25 F 15  6    0.668    0.023    0.309 0.36 H
   26 R 18  6    0.927    0.000    0.073 0.85 H
   27 E 18  6    0.981    0.000    0.019 0.96 H
   28 V 18  6    0.980    0.000    0.020 0.96 H
   29 V 18  6    0.847    0.000    0.153 0.69 H
   30 G 18  6    0.396    0.001    0.603 0.21 L
   31 Q 18  6    0.090    0.018    0.892 0.80 L
   32 K 18  6    0.048    0.038    0.914 0.87 L
   33 S 18  6    0.013    0.273    0.714 0.44 L
   34 I 18  6    0.000    0.888    0.112 0.78 E
   35 Y 18  6    0.009    0.989    0.002 0.98 E
   36 W 18  6    0.008    0.989    0.003 0.98 E
   37 R 18  6    0.003    0.982    0.015 0.97 E
   38 V 18  6    0.005    0.790    0.205 0.58 E
   39 D 18  6    0.000    0.114    0.886 0.77 L
   40 D 18  6    0.022    0.029    0.949 0.92 L
   41 D 18  6    0.029    0.021    0.950 0.92 L
   42 A 18  6    0.004    0.016    0.980 0.96 L
   43 T 18  6    0.028    0.069    0.903 0.83 L
   44 V 17  6    0.787    0.026    0.188 0.60 H
   45 G 17  5    0.971    0.000    0.029 0.94 H
   46 D 17  6    0.992    0.000    0.008 0.98 H
   47 V 18  6    0.998    0.000    0.002 1.00 H
   48 L 18  6    0.996    0.001    0.002 0.99 H
   49 R 18  6    0.995    0.001    0.004 0.99 H
   50 S 18  6    0.993    0.002    0.005 0.99 H
   51 L 18  6    0.987    0.000    0.013 0.97 H
   52 E 18  6    0.872    0.000    0.128 0.74 H
   53 A 18  6    0.529    0.003    0.469 0.06 H
   54 E 18  6    0.099    0.006    0.895 0.80 L
   55 Y 18  6    0.061    0.041    0.898 0.84 L
   56 D 17  6    0.076    0.031    0.893 0.82 L
   57 G 17  5    0.114    0.049    0.836 0.72 L
   58 L 17  6    0.122    0.045    0.833 0.71 L
   59 A 17  6    0.045    0.027    0.927 0.88 L
   60 G 17  5    0.036    0.067    0.897 0.83 L
   61 R 17  6    0.022    0.138    0.840 0.70 L
   62 L 18  6    0.000    0.470    0.530 0.06 L
   63 I 18  6    0.000    0.843    0.157 0.69 E
   64 E 18  6    0.000    0.736    0.264 0.47 E
   65 D 17  6    0.000    0.088    0.912 0.82 L
   66 G 17  5    0.006    0.079    0.915 0.84 L
   67 E 17  6    0.000    0.641    0.359 0.28 E
   68 V 17  6    0.029    0.395    0.577 0.18 L
   69 K 14  5    0.049    0.058    0.893 0.83 L
   70 P 14  3    0.506    0.056    0.439 0.07 H
   71 H 15  6    0.644    0.014    0.341 0.30 H
   72 V 18  6    0.205    0.090    0.704 0.50 L
   73 N 18  6    0.000    0.848    0.152 0.70 E
   74 V 18  6    0.006    0.991    0.002 0.98 E
   75 L 18  6    0.005    0.988    0.007 0.98 E
   76 K 18  6    0.002    0.840    0.157 0.68 E
   77 N 17  6    0.000    0.100    0.900 0.80 L
   78 G 17  5    0.002    0.093    0.905 0.81 L
   79 R 17  6    0.000    0.643    0.357 0.29 E
   80 E 18  6    0.094    0.310    0.596 0.29 L
   81 V 18  6    0.937    0.030    0.033 0.90 H
   82 V 18  6    0.949    0.000    0.051 0.90 H
   83 H 18  6    0.673    0.012    0.315 0.36 H
   84 L 18  6    0.098    0.029    0.874 0.78 L
   85 D 17  6    0.004    0.093    0.903 0.81 L
   86 G 17  5    0.020    0.054    0.925 0.87 L
   87 M 17  6    0.032    0.032    0.936 0.90 L
   88 A 18  6    0.012    0.024    0.963 0.94 L
   89 T 18  6    0.017    0.039    0.944 0.90 L
   90 A 18  6    0.049    0.338    0.614 0.28 L
   91 L 18  6    0.000    0.775    0.225 0.55 E
   92 D 18  6    0.000    0.620    0.380 0.24 E
   93 D 17  6    0.010    0.234    0.756 0.52 L
   94 G 17  5    0.006    0.077    0.917 0.84 L
   95 D 17  6    0.005    0.147    0.848 0.70 L
   96 A 18  6    0.000    0.792    0.208 0.58 E
   97 V 18  6    0.000    0.993    0.007 0.99 E
   98 S 18  6    0.005    0.986    0.009 0.98 E
   99 V 17  6    0.000    0.936    0.064 0.87 E
  100 F 11  5    0.000    0.636    0.364 0.27 E
  101 P  8  0    0.010    0.045    0.946 0.90 L
  102 P  9  3    0.006    0.036    0.959 0.92 L
  103 V 15  6    0.027    0.061    0.912 0.85 L
  104 A 17  6    0.017    0.057    0.926 0.87 L
  105 G 15  5    0.014    0.080    0.906 0.83 L
  106 G  9  4    0.333    0.333    0.333 0.00 L
