REMARK  Predicted order parameter (S2) from backbone chemical shifts for shifts.txt
REMARK    from David Wishart's RCI method, JACS, 127(43), 14970-14971

VARS RESID RESNAME CS_CNT CS_CNT_R2 S2 
FORMAT %4d %1s %2d %2d %8.3f 

    2 G  7  2    0.447
    3 G 13  5    0.503
    4 R 17  6    0.588
    5 D 18  6    0.631
    6 Y 18  6    0.620
    7 K 17  6    0.641
    8 D 11  5    0.658
    9 D  5  0    0.707
   10 D  3  0    0.711
   11 D  9  3    0.712
   12 K 14  6    0.733
   13 G 17  5    0.780
   14 T 17  6    0.846
   15 M 18  6    0.895
   16 E 18  6    0.907
   17 L 18  6    0.909
   18 E 18  6    0.900
   19 L 18  6    0.901
   20 R 18  6    0.878
   21 F 18  6    0.848
   22 F 15  6    0.823
   23 A 12  3    0.824
   24 T 12  3    0.847
   25 F 15  6    0.867
   26 R 18  6    0.885
   27 E 18  6    0.897
   28 V 18  6    0.901
   29 V 18  6    0.899
   30 G 18  6    0.895
   31 Q 18  6    0.902
   32 K 18  6    0.910
   33 S 18  6    0.919
   34 I 18  6    0.916
   35 Y 18  6    0.912
   36 W 18  6    0.906
   37 R 18  6    0.898
   38 V 18  6    0.886
   39 D 18  6    0.851
   40 D 18  6    0.806
   41 D 18  6    0.782
   42 A 18  6    0.802
   43 T 18  6    0.853
   44 V 17  6    0.892
   45 G 17  5    0.903
   46 D 17  6    0.903
   47 V 18  6    0.907
   48 L 18  6    0.908
   49 R 18  6    0.901
   50 S 18  6    0.897
   51 L 18  6    0.894
   52 E 18  6    0.903
   53 A 18  6    0.888
   54 E 18  6    0.873
   55 Y 18  6    0.852
   56 D 17  6    0.855
   57 G 17  5    0.854
   58 L 17  6    0.863
   59 A 17  6    0.854
   60 G 17  5    0.853
   61 R 17  6    0.847
   62 L 18  6    0.840
   63 I 18  6    0.840
   64 E 18  6    0.833
   65 D 17  6    0.854
   66 G 17  5    0.862
   67 E 17  6    0.884
   68 V 17  6    0.879
   69 K 14  5    0.889
   70 P 14  3    0.876
   71 H 15  6    0.868
   72 V 18  6    0.857
   73 N 18  6    0.876
   74 V 18  6    0.897
   75 L 18  6    0.904
   76 K 18  6    0.875
   77 N 17  6    0.852
   78 G 17  5    0.836
   79 R 17  6    0.850
   80 E 18  6    0.852
   81 V 18  6    0.857
   82 V 18  6    0.849
   83 H 18  6    0.841
   84 L 18  6    0.834
   85 D 17  6    0.833
   86 G 17  5    0.851
   87 M 17  6    0.877
   88 A 18  6    0.902
   89 T 18  6    0.908
   90 A 18  6    0.897
   91 L 18  6    0.881
   92 D 18  6    0.869
   93 D 17  6    0.869
   94 G 17  5    0.883
   95 D 17  6    0.904
   96 A 18  6    0.926
   97 V 18  6    0.928
   98 S 18  6    0.903
   99 V 17  6    0.862
  100 F 11  5    0.838
  101 P  8  0    0.778
  102 P  9  3    0.719
  103 V 15  6    0.711
  104 A 17  6    0.680
  105 G 15  5    0.658
  106 G  9  4    0.641
