   1   3.983 0.000   QA     2
   2 174.584 0.000   C      2
   3  45.273 0.000   CA     2
   4   3.924 0.000   QA     3
   5   8.448 0.000   H      3
   6 174.162 0.000   C      3
   7  45.238 0.000   CA     3
   8 109.053 0.000   N      3
   9 175.939 0.000   C      4
  10  30.856 0.000   CB     4
  11  56.076 0.000   CA     4
  12  26.912 0.000   CG     4
  13 120.555 0.000   N      4
  14  43.210 0.000   CD     4
  15   1.706 0.000   QB     4
  16   3.090 0.000   QD     4
  17   1.533 0.000   QG     4
  18   8.236 0.000   H      4
  19   4.302 0.000   HA     4
  20 175.769 0.000   C      5
  21  41.273 0.000   CB     5
  22  54.240 0.000   CA     5
  23 121.434 0.000   N      5
  24   2.632 0.000   QB     5
  25   8.417 0.000   H      5
  26   4.562 0.000   HA     5
  27 175.540 0.000   C      6
  28  38.712 0.000   CB     6
  29  57.947 0.000   CA     6
  30 120.500 0.000   N      6
  31   2.970 0.000   QB     6
  32   6.815 0.000   QE     6
  33   7.088 0.000   QD     6
  34   8.038 0.000   H      6
  35   4.503 0.000   HA     6
  36 176.027 0.000   C      7
  37  33.334 0.000   CB     7
  38  56.071 0.000   CA     7
  39  24.544 0.000   CG     7
  40  42.017 0.000   CE     7
  41  28.951 0.000   CD     7
  42 123.146 0.000   N      7
  43   1.717 0.000   QB     7
  44   2.971 0.000   QE     7
  45   1.658 0.000   QD     7
  46   1.313 0.000   QG     7
  47   8.190 0.000   H      7
  48   4.261 0.000   HA     7
  49  41.455 0.000   CB     8
  50  54.637 0.000   CA     8
  51   8.266 0.000   H      8
  52 121.425 0.000   N      8
  53  41.087 0.000   CB    11
  54 176.254 0.000   C     11
  55   2.654 0.000   QB    11
  56   4.569 0.000   HA    11
  57  54.262 0.000   CA    11
  58 177.152 0.000   C     12
  59  33.063 0.000   CB    12
  60  56.575 0.000   CA    12
  61  24.592 0.000   CG    12
  62  42.124 0.000   CE    12
  63  28.932 0.000   CD    12
  64 121.968 0.000   N     12
  65   1.790 0.000   QB    12
  66   2.967 0.000   QE    12
  67   1.665 0.000   QD    12
  68   1.401 0.000   QG    12
  69   8.032 0.000   H     12
  70   4.277 0.000   HA    12
  71   4.036 0.000   QA    13
  72   8.564 0.000   H     13
  73  45.492 0.000   CA    13
  74 174.108 0.000   C     13
  75 111.347 0.000   N     13
  76 173.351 0.000   C     14
  77  21.645 0.000   CG2   14
  78  72.924 0.000   CB    14
  79  60.202 0.000   CA    14
  80  21.179 0.000   CG    14
  81 110.417 0.000   N     14
  82   7.958 0.000   H     14
  83   4.062 0.000   HB    14
  84   5.141 0.000   HA    14
  85   1.061 0.000   HG    14
  86   1.062 0.000   HG2   14
  87 172.297 0.000   C     15
  88  35.572 0.000   CB    15
  89  54.254 0.000   CA    15
  90  30.946 0.000   CG    15
  91 118.896 0.000   N     15
  92   1.926 0.000   QB    15
  93   2.215 0.000   QG    15
  94   9.400 0.000   H     15
  95   4.822 0.000   HA    15
  96 174.824 0.000   C     16
  97  32.751 0.000   CB    16
  98  55.421 0.000   CA    16
  99  38.315 0.000   CG    16
 100 122.667 0.000   N     16
 101   2.013 0.000   QB    16
 102   2.188 0.000   QG    16
 103   9.266 0.000   H     16
 104   5.267 0.000   HA    16
 105 175.443 0.000   C     17
 106  46.534 0.000   CB    17
 107  52.687 0.000   CA    17
 108  27.188 0.000   CG    17
 109 125.630 0.000   N     17
 110   1.553 0.000   QB    17
 111  27.039 0.000   CD1   17
 112  27.039 0.000   CD2   17
 113   9.120 0.000   H     17
 114   5.130 0.000   HA    17
 115   1.683 0.000   HG    17
 116   0.928 0.000   QD    17
 117 173.963 0.000   C     18
 118  31.537 0.000   CB    18
 119  54.492 0.000   CA    18
 120  36.055 0.000   CG    18
 121 122.712 0.000   N     18
 122   1.825 0.000   QB    18
 123   1.589 0.000   QG    18
 124   8.458 0.000   H     18
 125   4.465 0.000   HA    18
 126 174.873 0.000   C     19
 127  42.765 0.000   CB    19
 128  52.493 0.000   CA    19
 129  26.147 0.000   CG    19
 130 128.589 0.000   N     19
 131   1.097 0.000   QB    19
 132  25.433 0.000   CD1   19
 133  25.433 0.000   CD2   19
 134   9.018 0.000   H     19
 135   5.010 0.000   HA    19
 136   1.254 0.000   HG    19
 137   0.257 0.000   QD    19
 138 174.116 0.000   C     20
 139  33.064 0.000   CB    20
 140  53.951 0.000   CA    20
 141  27.322 0.000   CG    20
 142  43.884 0.000   CD    20
 143 120.550 0.000   N     20
 144   1.604 0.000   QB    20
 145   2.984 0.000   QD    20
 146   1.371 0.000   QG    20
 147   8.570 0.000   H     20
 148   4.927 0.000   HA    20
 149 175.176 0.000   C     21
 150  42.467 0.000   CB    21
 151  57.181 0.000   CA    21
 152 118.173 0.000   N     21
 153   2.521 0.000   QB    21
 154   6.706 0.000   QE    21
 155   6.853 0.000   QD    21
 156   8.111 0.000   H     21
 157   4.935 0.000   HA    21
 158 174.276 0.000   C     22
 159  43.554 0.000   CB    22
 160  57.261 0.000   CA    22
 161 117.420 0.000   N     22
 162   6.921 0.000   QE    22
 163   6.778 0.000   QD    22
 164   6.807 0.000   H     22
 165   4.497 0.000   HA    22
 166   9.635 0.000   H     23
 167 126.269 0.000   N     23
 168 176.821 0.000   C     24
 169   4.044 0.000   HA    24
 170  68.712 0.000   CB    24
 171  65.434 0.000   CA    24
 172   1.322 0.000   HG2   24
 173   4.051 0.000   HB    24
 174  22.340 0.000   CG2   24
 175   1.316 0.000   HG    24
 176 177.365 0.000   C     25
 177  36.760 0.000   CB    25
 178  56.394 0.000   CA    25
 179 116.908 0.000   N     25
 180   3.421 0.000   QB    25
 181   7.223 0.000   QE    25
 182   7.069 0.000   QD    25
 183   7.473 0.000   H     25
 184   4.693 0.000   HA    25
 185 178.109 0.000   C     26
 186  29.344 0.000   CB    26
 187  58.704 0.000   CA    26
 188  25.794 0.000   CG    26
 189  43.752 0.000   CD    26
 190 121.458 0.000   N     26
 191   1.565 0.000   QB    26
 192   3.021 0.000   QD    26
 193   1.327 0.000   QG    26
 194   7.064 0.000   H     26
 195   3.642 0.000   HA    26
 196 178.359 0.000   C     27
 197  29.193 0.000   CB    27
 198  58.788 0.000   CA    27
 199  36.323 0.000   CG    27
 200 118.265 0.000   N     27
 201   2.154 0.000   QB    27
 202   2.230 0.000   QG    27
 203   7.333 0.000   H     27
 204   3.913 0.000   HA    27
 205 177.256 0.000   C     28
 206  21.505 0.000   CG2   28
 207  32.197 0.000   CB    28
 208  65.473 0.000   CA    28
 209 116.925 0.000   N     28
 210   1.954 0.000   HB    28
 211   0.914 0.000   QG    28
 212   7.311 0.000   H     28
 213  21.505 0.000   CG1   28
 214   3.675 0.000   HA    28
 215 177.073 0.000   C     29
 216  20.041 0.000   CG2   29
 217  32.052 0.000   CB    29
 218  64.412 0.000   CA    29
 219 117.045 0.000   N     29
 220   1.210 0.000   HB    29
 221  -0.111 0.000   QG    29
 222   7.213 0.000   H     29
 223  20.041 0.000   CG1   29
 224   3.240 0.000   HA    29
 225 178.117 0.000   C     30
 226  32.925 0.000   CB    30
 227  45.021 0.000   CA    30
 228 107.107 0.000   N     30
 229   3.917 0.000   QA    30
 230   8.074 0.000   H     30
 231 173.432 0.000   C     31
 232  33.018 0.000   CB    31
 233  53.876 0.000   CA    31
 234  33.700 0.000   CG    31
 235 113.049 0.000   N     31
 236   1.935 0.000   QB    31
 237   2.097 0.000   QG    31
 238   7.187 0.000   H     31
 239   4.541 0.000   HA    31
 240 175.889 0.000   C     32
 241  32.894 0.000   CB    32
 242  58.898 0.000   CA    32
 243  24.680 0.000   CG    32
 244  41.916 0.000   CE    32
 245  29.725 0.000   CD    32
 246 117.758 0.000   N     32
 247   1.694 0.000   QB    32
 248   2.872 0.000   QE    32
 249   1.646 0.000   QD    32
 250   1.295 0.000   QG    32
 251   8.422 0.000   H     32
 252   3.988 0.000   HA    32
 253 173.292 0.000   C     33
 254  65.307 0.000   CB    33
 255  56.661 0.000   CA    33
 256 111.427 0.000   N     33
 257   3.512 0.000   QB    33
 258   7.574 0.000   H     33
 259   5.665 0.000   HA    33
 260 173.384 0.000   C     34
 261   4.541 0.000   HA    34
 262   0.764 0.000   HD1   34
 263  42.061 0.000   CB    34
 264  59.639 0.000   CA    34
 265   0.879 0.000   HG2   34
 266   0.824 0.000   QG2   34
 267   1.163 0.000   QG1   34
 268 119.429 0.000   N     34
 269   1.901 0.000   HB    34
 270  13.200 0.000   CD1   34
 271   8.893 0.000   H     34
 272   0.824 0.000   QD1   34
 273  26.546 0.000   CG1   34
 274  17.470 0.000   CG2   34
 275 175.925 0.000   C     35
 276  39.667 0.000   CB    35
 277  57.346 0.000   CA    35
 278 121.545 0.000   N     35
 279   2.877 0.000   QB    35
 280   6.753 0.000   QE    35
 281   8.595 0.000   H     35
 282   5.537 0.000   HA    35
 283 174.806 0.000   C     36
 284   7.157 0.000   HD1   36
 285  35.194 0.000   CB    36
 286  54.473 0.000   CA    36
 287 125.694 0.000   N     36
 288   3.024 0.000   QB    36
 289   9.205 0.000   H     36
 290   5.246 0.000   HA    36
 291 175.937 0.000   C     37
 292  30.918 0.000   CB    37
 293  55.248 0.000   CA    37
 294  27.613 0.000   CG    37
 295  42.987 0.000   CD    37
 296 123.831 0.000   N     37
 297   1.663 0.000   QB    37
 298   3.141 0.000   QD    37
 299   1.532 0.000   QG    37
 300   8.402 0.000   H     37
 301   5.417 0.000   HA    37
 302 174.410 0.000   C     38
 303  21.152 0.000   CG2   38
 304  36.158 0.000   CB    38
 305  58.438 0.000   CA    38
 306 118.288 0.000   N     38
 307   2.344 0.000   HB    38
 308   0.899 0.000   QG    38
 309   8.808 0.000   H     38
 310  21.152 0.000   CG1   38
 311   4.728 0.000   HA    38
 312 176.905 0.000   C     39
 313  41.947 0.000   CB    39
 314  55.330 0.000   CA    39
 315 121.305 0.000   N     39
 316   2.727 0.000   QB    39
 317   8.367 0.000   H     39
 318   4.707 0.000   HA    39
 319 175.275 0.000   C     40
 320  40.027 0.000   CB    40
 321  55.517 0.000   CA    40
 322 118.516 0.000   N     40
 323   2.561 0.000   QB    40
 324   8.073 0.000   H     40
 325   4.388 0.000   HA    40
 326 176.915 0.000   C     41
 327  40.048 0.000   CB    41
 328  52.433 0.000   CA    41
 329 116.069 0.000   N     41
 330   2.778 0.000   QB    41
 331   7.963 0.000   H     41
 332   4.752 0.000   HA    41
 333 177.382 0.000   C     42
 334  19.482 0.000   CB    42
 335  53.535 0.000   CA    42
 336 124.070 0.000   N     42
 337   7.765 0.000   H     42
 338   1.459 0.000   HB    42
 339   4.431 0.000   HA    42
 340 177.067 0.000   C     43
 341  22.030 0.000   CG2   43
 342  73.474 0.000   CB    43
 343  59.216 0.000   CA    43
 344   1.203 0.000   HG2   43
 345 110.417 0.000   N     43
 346   8.720 0.000   H     43
 347   4.501 0.000   HB    43
 348   4.941 0.000   HA    43
 349   1.167 0.000   HG    43
 350 177.186 0.000   C     44
 351  23.023 0.000   CG2   44
 352  32.301 0.000   CB    44
 353  67.617 0.000   CA    44
 354 119.279 0.000   N     44
 355   2.026 0.000   HB    44
 356   0.953 0.000   QG    44
 357   8.802 0.000   H     44
 358  23.023 0.000   CG1   44
 359   3.448 0.000   HA    44
 360 175.431 0.000   C     45
 361   9.297 0.000   H     45
 362  48.776 0.000   CA    45
 363 107.462 0.000   N     45
 364   3.855 0.000   QA    45
 365   3.823 0.000   HA    45
 366 179.302 0.000   C     46
 367  41.185 0.000   CB    46
 368  57.749 0.000   CA    46
 369 120.445 0.000   N     46
 370   2.984 0.000   QB    46
 371   7.480 0.000   H     46
 372   4.411 0.000   HA    46
 373 178.074 0.000   C     47
 374  22.414 0.000   CG2   47
 375  31.585 0.000   CB    47
 376  66.785 0.000   CA    47
 377 121.432 0.000   N     47
 378   2.312 0.000   HB    47
 379   3.768 0.000   QB    47
 380   0.901 0.000   QG    47
 381   7.958 0.000   H     47
 382  22.414 0.000   CG1   47
 383   3.784 0.000   HA    47
 384 178.881 0.000   C     48
 385  40.944 0.000   CB    48
 386  58.493 0.000   CA    48
 387  24.062 0.000   CG    48
 388 118.821 0.000   N     48
 389   1.652 0.000   QB    48
 390  24.062 0.000   CD1   48
 391  24.062 0.000   CD2   48
 392   8.651 0.000   H     48
 393   4.004 0.000   HA    48
 394   1.035 0.000   HG    48
 395   0.804 0.000   QD    48
 396 180.283 0.000   C     49
 397  30.768 0.000   CB    49
 398  60.392 0.000   CA    49
 399  29.333 0.000   CG    49
 400  43.306 0.000   CD    49
 401 118.557 0.000   N     49
 402   1.936 0.000   QB    49
 403   3.221 0.000   QD    49
 404   1.767 0.000   QG    49
 405   8.347 0.000   H     49
 406   3.872 0.000   HA    49
 407 177.006 0.000   C     50
 408  63.132 0.000   CB    50
 409  62.434 0.000   CA    50
 410 117.346 0.000   N     50
 411   4.268 0.000   QB    50
 412   8.337 0.000   H     50
 413   4.400 0.000   HA    50
 414 178.641 0.000   C     51
 415  42.647 0.000   CB    51
 416  58.542 0.000   CA    51
 417  24.481 0.000   CG    51
 418 124.421 0.000   N     51
 419   1.657 0.000   QB    51
 420  24.481 0.000   CD1   51
 421  24.481 0.000   CD2   51
 422   8.632 0.000   H     51
 423   4.239 0.000   HA    51
 424   0.819 0.000   HG    51
 425   0.600 0.000   QD    51
 426 176.954 0.000   C     52
 427  29.812 0.000   CB    52
 428  61.178 0.000   CA    52
 429  37.969 0.000   CG    52
 430 116.159 0.000   N     52
 431   2.148 0.000   QB    52
 432   2.569 0.000   QG    52
 433   7.788 0.000   H     52
 434   3.730 0.000   HA    52
 435 178.920 0.000   C     53
 436  18.964 0.000   CB    53
 437  53.583 0.000   CA    53
 438 117.193 0.000   N     53
 439   7.425 0.000   H     53
 440   1.530 0.000   HB    53
 441   4.223 0.000   HA    53
 442 176.382 0.000   C     54
 443  30.990 0.000   CB    54
 444  57.459 0.000   CA    54
 445  35.415 0.000   CG    54
 446 117.513 0.000   N     54
 447   1.957 0.000   QB    54
 448   1.952 0.000   QG    54
 449   7.921 0.000   H     54
 450   4.136 0.000   HA    54
 451 175.450 0.000   C     55
 452  38.487 0.000   CB    55
 453  56.483 0.000   CA    55
 454 116.732 0.000   N     55
 455   2.641 0.000   QB    55
 456   6.736 0.000   QE    55
 457   7.171 0.000   QD    55
 458   7.860 0.000   H     55
 459   4.645 0.000   HA    55
 460 179.254 0.000   C     56
 461  40.239 0.000   CB    56
 462  57.411 0.000   CA    56
 463 126.328 0.000   N     56
 464   2.690 0.000   QB    56
 465   8.784 0.000   H     56
 466   4.419 0.000   HA    56
 467   3.896 0.000   QA    57
 468   9.094 0.000   H     57
 469 174.006 0.000   C     57
 470  46.229 0.000   CA    57
 471 104.598 0.000   N     57
 472 176.460 0.000   C     58
 473  41.718 0.000   CB    58
 474  53.883 0.000   CA    58
 475  24.169 0.000   CG    58
 476 115.661 0.000   N     58
 477   1.531 0.000   QB    58
 478  24.169 0.000   CD1   58
 479  24.169 0.000   CD2   58
 480   8.004 0.000   H     58
 481   4.312 0.000   HA    58
 482   0.483 0.000   HG    58
 483   0.294 0.000   QD    58
 484 179.037 0.000   C     59
 485  18.039 0.000   CB    59
 486  54.562 0.000   CA    59
 487 124.258 0.000   N     59
 488   1.582 0.000   QB    59
 489   7.355 0.000   H     59
 490   1.603 0.000   HB    59
 491   3.942 0.000   HA    59
 492   4.192 0.000   QA    60
 493   8.421 0.000   H     60
 494 174.457 0.000   C     60
 495  46.029 0.000   CA    60
 496 111.749 0.000   N     60
 497 175.405 0.000   C     61
 498  31.627 0.000   CB    61
 499  56.092 0.000   CA    61
 500  27.503 0.000   CG    61
 501 116.127 0.000   N     61
 502  43.456 0.000   CD    61
 503   1.935 0.000   QB    61
 504   3.298 0.000   QD    61
 505   1.959 0.000   QG    61
 506   8.238 0.000   H     61
 507   4.476 0.000   HA    61
 508 176.502 0.000   C     62
 509  43.319 0.000   CB    62
 510  56.098 0.000   CA    62
 511  26.218 0.000   CG    62
 512 117.011 0.000   N     62
 513   1.807 0.000   QB    62
 514  26.042 0.000   CD1   62
 515  26.042 0.000   CD2   62
 516   8.997 0.000   H     62
 517   4.706 0.000   HA    62
 518   1.694 0.000   HG    62
 519   0.669 0.000   QD    62
 520 176.085 0.000   C     63
 521   4.699 0.000   HA    63
 522   0.718 0.000   HD1   63
 523  41.630 0.000   CB    63
 524  59.251 0.000   CA    63
 525   0.759 0.000   HG2   63
 526   1.282 0.000   QG1   63
 527 118.524 0.000   N     63
 528   1.573 0.000   HB    63
 529   1.534 0.000   QB    63
 530  14.405 0.000   CD1   63
 531   8.240 0.000   H     63
 532  27.211 0.000   CG1   63
 533  17.222 0.000   CG2   63
 534 175.123 0.000   C     64
 535  34.044 0.000   CB    64
 536  56.025 0.000   CA    64
 537  36.190 0.000   CG    64
 538 127.179 0.000   N     64
 539   1.899 0.000   QB    64
 540   2.134 0.000   QG    64
 541   9.238 0.000   H     64
 542   4.498 0.000   HA    64
 543 176.000 0.000   C     65
 544  39.588 0.000   CB    65
 545  55.652 0.000   CA    65
 546 129.413 0.000   N     65
 547   2.772 0.000   QB    65
 548   9.564 0.000   H     65
 549   4.284 0.000   HA    65
 550   3.769 0.000   QA    66
 551   8.277 0.000   H     66
 552 172.377 0.000   C     66
 553  45.864 0.000   CA    66
 554 102.948 0.000   N     66
 555 174.634 0.000   C     67
 556  33.471 0.000   CB    67
 557  53.550 0.000   CA    67
 558  35.603 0.000   CG    67
 559 119.829 0.000   N     67
 560   1.972 0.000   QB    67
 561   2.359 0.000   QG    67
 562   7.564 0.000   H     67
 563   4.800 0.000   HA    67
 564 177.178 0.000   C     68
 565  21.898 0.000   CG2   68
 566   0.973 0.000   QG    68
 567  31.380 0.000   CB    68
 568  64.499 0.000   CA    68
 569 122.972 0.000   N     68
 570   1.836 0.000   QB    68
 571  21.926 0.000   CD1   68
 572  21.926 0.000   CD2   68
 573   8.855 0.000   H     68
 574  21.898 0.000   CG1   68
 575   3.837 0.000   HA    68
 576  33.391 0.000   CB    69
 577  55.243 0.000   CA    69
 578   8.534 0.000   H     69
 579 101.355 0.000   N     69
 580 176.646 0.000   C     70
 581  31.709 0.000   CB    70
 582  64.681 0.000   CA    70
 583  27.913 0.000   CG    70
 584  51.070 0.000   CD    70
 585   1.772 0.000   QB    70
 586   3.747 0.000   QD    70
 587   2.006 0.000   QG    70
 588   4.065 0.000   HA    70
 589 174.357 0.000   C     71
 590   6.985 0.000   HD2   71
 591  27.897 0.000   CB    71
 592  58.324 0.000   CA    71
 593 113.993 0.000   N     71
 594   3.516 0.000   QB    71
 595   8.311 0.000   H     71
 596   4.141 0.000   HA    71
 597 175.361 0.000   C     72
 598  22.490 0.000   CG2   72
 599  31.903 0.000   CB    72
 600  63.299 0.000   CA    72
 601 122.311 0.000   N     72
 602   2.468 0.000   HB    72
 603   1.230 0.000   QG    72
 604   7.852 0.000   H     72
 605  22.490 0.000   CG1   72
 606   4.141 0.000   HA    72
 607 173.597 0.000   C     73
 608  40.779 0.000   CB    73
 609  52.008 0.000   CA    73
 610 126.331 0.000   N     73
 611   2.506 0.000   QB    73
 612   8.481 0.000   H     73
 613   5.197 0.000   HA    73
 614 174.889 0.000   C     74
 615  21.926 0.000   CG2   74
 616  33.621 0.000   CB    74
 617  60.735 0.000   CA    74
 618 124.327 0.000   N     74
 619   1.995 0.000   HB    74
 620   0.942 0.000   QG    74
 621   8.140 0.000   H     74
 622  21.926 0.000   CG1   74
 623   5.257 0.000   HA    74
 624 175.881 0.000   C     75
 625  44.492 0.000   CB    75
 626  52.899 0.000   CA    75
 627  26.381 0.000   CG    75
 628 126.134 0.000   N     75
 629   1.446 0.000   QB    75
 630  25.454 0.000   CD1   75
 631  25.454 0.000   CD2   75
 632   9.338 0.000   H     75
 633   5.248 0.000   HA    75
 634   1.518 0.000   HG    75
 635   0.748 0.000   QD    75
 636 176.139 0.000   C     76
 637   4.886 0.000   HA    76
 638  34.794 0.000   CB    76
 639  54.691 0.000   CA    76
 640  26.078 0.000   CG    76
 641  42.394 0.000   CE    76
 642 121.163 0.000   N     76
 643   1.512 0.000   QB    76
 644   3.015 0.000   QE    76
 645   1.636 0.000   QD    76
 646   1.061 0.000   QG    76
 647   9.151 0.000   H     76
 648  30.430 0.000   CD    76
 649 175.508 0.000   C     77
 650  37.218 0.000   CB    77
 651  54.538 0.000   CA    77
 652 128.740 0.000   N     77
 653   3.019 0.000   QB    77
 654   9.876 0.000   H     77
 655   4.492 0.000   HA    77
 656   3.918 0.000   QA    78
 657   8.076 0.000   H     78
 658 173.114 0.000   C     78
 659  45.813 0.000   CA    78
 660 101.400 0.000   N     78
 661 175.330 0.000   C     79
 662  32.163 0.000   CB    79
 663  54.237 0.000   CA    79
 664  26.823 0.000   CG    79
 665 121.776 0.000   N     79
 666  43.240 0.000   CD    79
 667   1.928 0.000   QB    79
 668   3.293 0.000   QD    79
 669   1.756 0.000   QG    79
 670   7.973 0.000   H     79
 671   4.705 0.000   HA    79
 672 179.315 0.000   C     80
 673  30.044 0.000   CB    80
 674  58.039 0.000   CA    80
 675  36.856 0.000   CG    80
 676 127.233 0.000   N     80
 677   2.083 0.000   QB    80
 678   2.403 0.000   QG    80
 679   9.535 0.000   H     80
 680   4.417 0.000   HA    80
 681 179.008 0.000   C     81
 682  20.688 0.000   CG2   81
 683  30.794 0.000   CB    81
 684  65.111 0.000   CA    81
 685 117.695 0.000   N     81
 686   2.484 0.000   HB    81
 687   1.061 0.000   QG    81
 688   8.548 0.000   H     81
 689  20.688 0.000   CG1   81
 690   4.087 0.000   HA    81
 691 176.097 0.000   C     82
 692  19.950 0.000   CG2   82
 693  30.834 0.000   CB    82
 694  64.148 0.000   CA    82
 695 121.142 0.000   N     82
 696   2.111 0.000   HB    82
 697   0.697 0.000   QG    82
 698   7.980 0.000   H     82
 699  19.950 0.000   CG1   82
 700   4.019 0.000   HA    82
 701 175.033 0.000   C     83
 702   7.098 0.000   HD2   83
 703  30.700 0.000   CB    83
 704  55.803 0.000   CA    83
 705 118.013 0.000   N     83
 706   3.262 0.000   QB    83
 707   7.366 0.000   H     83
 708   4.909 0.000   HA    83
 709 175.108 0.000   C     84
 710  39.891 0.000   CB    84
 711  53.423 0.000   CA    84
 712  24.748 0.000   CG    84
 713 123.409 0.000   N     84
 714   1.858 0.000   QB    84
 715  24.748 0.000   CD1   84
 716  24.748 0.000   CD2   84
 717   7.497 0.000   H     84
 718   4.739 0.000   HA    84
 719   1.146 0.000   HG    84
 720   1.001 0.000   QD    84
 721 176.812 0.000   C     85
 722  42.660 0.000   CB    85
 723  53.125 0.000   CA    85
 724 120.896 0.000   N     85
 725   2.507 0.000   QB    85
 726   7.798 0.000   H     85
 727   5.236 0.000   HA    85
 728   3.760 0.000   QA    86
 729   8.067 0.000   H     86
 730 178.006 0.000   C     86
 731  46.694 0.000   CA    86
 732 107.748 0.000   N     86
 733 176.535 0.000   C     87
 734  32.972 0.000   CB    87
 735  57.195 0.000   CA    87
 736  32.127 0.000   CG    87
 737 126.984 0.000   N     87
 738   2.127 0.000   QB    87
 739   2.851 0.000   QG    87
 740   9.804 0.000   H     87
 741   3.971 0.000   HA    87
 742 176.205 0.000   C     88
 743  18.532 0.000   CB    88
 744  51.865 0.000   CA    88
 745 118.816 0.000   N     88
 746   7.638 0.000   H     88
 747   1.541 0.000   HB    88
 748   4.448 0.000   HA    88
 749 172.780 0.000   C     89
 750   3.924 0.000   HA    89
 751  69.799 0.000   CB    89
 752  65.719 0.000   CA    89
 753  22.446 0.000   CG    89
 754 116.151 0.000   N     89
 755   7.253 0.000   H     89
 756   3.924 0.000   HB    89
 757  22.351 0.000   CG2   89
 758   1.502 0.000   HG2   89
 759 176.223 0.000   C     90
 760  20.082 0.000   CB    90
 761  52.315 0.000   CA    90
 762 100.591 0.000   N     90
 763   8.682 0.000   H     90
 764   1.461 0.000   HB    90
 765   4.246 0.000   HA    90
 766 173.435 0.000   C     91
 767  46.755 0.000   CB    91
 768  53.581 0.000   CA    91
 769  25.137 0.000   CG    91
 770 120.284 0.000   N     91
 771   1.482 0.000   QB    91
 772  25.137 0.000   CD1   91
 773  25.137 0.000   CD2   91
 774   7.955 0.000   H     91
 775   4.636 0.000   HA    91
 776   0.892 0.000   HG    91
 777   0.735 0.000   QD    91
 778 174.624 0.000   C     92
 779  45.536 0.000   CB    92
 780  52.993 0.000   CA    92
 781 120.333 0.000   N     92
 782   2.467 0.000   QB    92
 783   8.972 0.000   H     92
 784   5.056 0.000   HA    92
 785 177.651 0.000   C     93
 786  42.355 0.000   CB    93
 787  56.546 0.000   CA    93
 788 116.849 0.000   N     93
 789   2.696 0.000   QB    93
 790   8.314 0.000   H     93
 791   4.330 0.000   HA    93
 792   4.095 0.000   QA    94
 793   9.367 0.000   H     94
 794 174.889 0.000   C     94
 795  45.200 0.000   CA    94
 796 115.504 0.000   N     94
 797 174.096 0.000   C     95
 798  42.302 0.000   CB    95
 799  55.737 0.000   CA    95
 800 122.016 0.000   N     95
 801   2.553 0.000   QB    95
 802   8.237 0.000   H     95
 803   4.850 0.000   HA    95
 804 177.897 0.000   C     96
 805  20.628 0.000   CB    96
 806  49.477 0.000   CA    96
 807 119.411 0.000   N     96
 808   8.408 0.000   H     96
 809   1.239 0.000   HB    96
 810   5.749 0.000   HA    96
 811 174.990 0.000   C     97
 812  21.096 0.000   CG2   97
 813  33.599 0.000   CB    97
 814  60.120 0.000   CA    97
 815 127.571 0.000   N     97
 816   1.922 0.000   HB    97
 817   0.751 0.000   QG    97
 818   9.306 0.000   H     97
 819  21.096 0.000   CG1   97
 820   5.196 0.000   HA    97
 821 173.178 0.000   C     98
 822  65.278 0.000   CB    98
 823  56.979 0.000   CA    98
 824 121.890 0.000   N     98
 825   3.786 0.000   QB    98
 826   8.904 0.000   H     98
 827   3.790 0.000   HB    98
 828   5.385 0.000   HA    98
 829 173.946 0.000   C     99
 830  21.418 0.000   CG2   99
 831  33.410 0.000   CB    99
 832  61.851 0.000   CA    99
 833 122.384 0.000   N     99
 834   2.096 0.000   HB    99
 835   0.781 0.000   QG    99
 836   8.732 0.000   H     99
 837  21.418 0.000   CG1   99
 838   4.844 0.000   HA    99
 839  40.696 0.000   CB   100
 840  54.243 0.000   CA   100
 841 124.460 0.000   N    100
 842   6.598 0.000   QE   100
 843   7.043 0.000   QD   100
 844   9.198 0.000   H    100
 845 177.386 0.000   C    102
 846  32.117 0.000   CB   102
 847  62.704 0.000   CA   102
 848  27.838 0.000   CG   102
 849  50.388 0.000   CD   102
 850   2.024 0.000   QB   102
 851   3.561 0.000   QD   102
 852   2.003 0.000   QG   102
 853   4.552 0.000   HA   102
 854 176.198 0.000   C    103
 855  20.837 0.000   CG2  103
 856  32.623 0.000   CB   103
 857  62.706 0.000   CA   103
 858 122.122 0.000   N    103
 859   2.058 0.000   HB   103
 860   0.961 0.000   QG   103
 861   8.358 0.000   H    103
 862  20.837 0.000   CG1  103
 863   4.002 0.000   HA   103
 864 177.891 0.000   C    104
 865  19.325 0.000   CB   104
 866  52.471 0.000   CA   104
 867 127.270 0.000   N    104
 868   8.354 0.000   H    104
 869   1.361 0.000   HB   104
 870   4.336 0.000   HA   104
 871   3.933 0.000   QA   105
 872   8.287 0.000   H    105
 873 173.692 0.000   C    105
 874  45.259 0.000   CA   105
 875 109.114 0.000   N    105
 876   7.906 0.000   H    106
 877  46.031 0.000   CA   106
 878 115.059 0.000   N    106